    0.4347980064863358E-17
    0.4347982268605405E-17
    0.4347983728014216E-17
    0.4347985293040461E-17
    0.4347986836222569E-17
    0.4347988378687638E-17
    0.4347989919362601E-17
    0.4347991465181417E-17
    0.4347993968374744E-17
    0.4348157159127130E-17
    0.4372483466234608E-17
    0.7572585509215372E-17
    0.3633170076136666E-15
    0.3207159936474765E-13
    0.2104497911156206E-11
    0.8528603081314012E-10
    0.1386579346698316E-08
    0.1329352308866651E-07
    0.8981525711675317E-07
    0.3502635236455864E-06
    0.6980036265881916E-06
    0.8934889647480284E-06
    0.9535102315214001E-06
    0.8427684060028855E-06
    0.6580346801113863E-06
    0.5418466720148945E-06
    0.4989300579873823E-06
    0.4953934188415230E-06
    0.1892054105434853E-05
    0.1019784399351492E-04
    0.1848894086787266E-04
    0.2061386104415645E-04
    0.1828550847502826E-04
    0.2177554665452662E-04
    0.3523209785194936E-04
    0.5889900000749798E-04
    0.8450695918482692E-04
    0.1082070138689938E-03
    0.1284536349431668E-03
    0.1410907503481732E-03
    0.1460782659679398E-03
    0.1428907465877828E-03
    0.1373974142503134E-03
    0.1326651934375739E-03
    0.1304289525410581E-03
    0.1294834867227013E-03
    0.1279188640243562E-03
    0.1250548772310807E-03
    0.1197415454509681E-03
    0.1103881223127884E-03
  
    0.4348598901343108E-17
    0.4348601105084715E-17
    0.4348602564493303E-17
    0.4348604129519316E-17
    0.4348605672701270E-17
    0.4348607215166207E-17
    0.4348608755848838E-17
    0.4348610303402366E-17
    0.4348613161912775E-17
    0.4348842246065922E-17
    0.4384052471547232E-17
    0.9148846241581755E-17
    0.5541606105277148E-15
    0.5052949147046158E-13
    0.3405774229471596E-11
    0.1407948944279101E-09
    0.2237843893024531E-08
    0.2080763667226077E-07
    0.1339959036050165E-06
    0.4521132782440619E-06
    0.7955384450415707E-06
    0.9600859450021100E-06
    0.9782296601190018E-06
    0.8250224027027197E-06
    0.6364793850651404E-06
    0.5465528547294754E-06
    0.5220635056344346E-06
    0.5607849980992432E-06
    0.3054668997215945E-05
    0.1462428210675395E-04
    0.2293816261979673E-04
    0.2424287326217767E-04
    0.2374514775400232E-04
    0.3455092786019482E-04
    0.6025291399380784E-04
    0.9546073085535215E-04
    0.1276101559724344E-03
    0.1546499546032346E-03
    0.1679268915607283E-03
    0.1714171147302926E-03
    0.1645642200461947E-03
    0.1563346319040386E-03
    0.1499545871225195E-03
    0.1484568630841069E-03
    0.1488995238674481E-03
    0.1477923667901250E-03
    0.1442183022955139E-03
    0.1367912462115122E-03
    0.1266986683276158E-03
    0.1144465280192636E-03
  
    0.4349031219306261E-17
    0.4349033422951227E-17
    0.4349034882308881E-17
    0.4349036447286163E-17
    0.4349037990427611E-17
    0.4349039532858452E-17
    0.4349041073519361E-17
    0.4349042622610481E-17
    0.4349045813547622E-17
    0.4349338952112098E-17
    0.4395536312195964E-17
    0.1080006327225767E-16
    0.7616517342406823E-15
    0.7134221118585670E-13
    0.4924651689221741E-11
    0.2073627649797674E-09
    0.3231974828169435E-08
    0.2928187993564251E-07
    0.1780824951434355E-06
    0.5348195234708905E-06
    0.8600538105539242E-06
    0.1006438923530197E-05
    0.9874318022478546E-06
    0.8091928805558423E-06
    0.6284444005751128E-06
    0.5582259407722249E-06
    0.5560305503440998E-06
    0.6375630183335943E-06
    0.4548901677520566E-05
    0.1882452260273910E-04
    0.2710994170288822E-04
    0.2852132978361089E-04
    0.3280336726005756E-04
    0.5470634181149693E-04
    0.9459528258369627E-04
    0.1379831893576759E-03
    0.1750221357708532E-03
    0.1928460721291602E-03
    0.1953926467279993E-03
    0.1859582281577813E-03
    0.1740786018462433E-03
    0.1667567990612151E-03
    0.1660066988373212E-03
    0.1682421679054325E-03
    0.1671757290872900E-03
    0.1623850310041598E-03
    0.1526320193038275E-03
    0.1396907903174173E-03
    0.1279399778919425E-03
    0.1168474167551964E-03
  
    0.4349495744160155E-17
    0.4349497929194444E-17
    0.4349499378276830E-17
    0.4349500933285057E-17
    0.4349502467906285E-17
    0.4349504002946781E-17
    0.4349505537270638E-17
    0.4349507082875447E-17
    0.4349510690185155E-17
    0.4349887077270006E-17
    0.4410745768034602E-17
    0.1306250526613959E-16
    0.1053741229884745E-14
    0.1014458220576127E-12
    0.7180117616830251E-11
    0.3083362372465662E-09
    0.4707388423893368E-08
    0.4152699226294902E-07
    0.2345869377379772E-06
    0.6275657547021763E-06
    0.9273663737725928E-06
    0.1053237579934688E-05
    0.9922128775719724E-06
    0.7913908523653847E-06
    0.6255360736330191E-06
    0.5803269645620335E-06
    0.6104945903258181E-06
    0.7398996838758886E-06
    0.6882819923578584E-05
    0.2425873596165208E-04
    0.3290194275252508E-04
    0.3634679768206052E-04
    0.5168213305473565E-04
    0.9154792509601853E-04
    0.1470914314287292E-03
    0.1980476469557430E-03
    0.2270224138094580E-03
    0.2289930129919038E-03
    0.2147499164219763E-03
    0.1971543198506228E-03
    0.1885963892712391E-03
    0.1890933697315700E-03
    0.1925452620188570E-03
    0.1914178899116945E-03
    0.1848106054722722E-03
    0.1718807210299201E-03
    0.1558703564603951E-03
    0.1415797710523648E-03
    0.1304891683293430E-03
    0.1187702811739589E-03
  
    0.4349979562624434E-17
    0.4349978501471158E-17
    0.4349978075892849E-17
    0.4349977782473185E-17
    0.4349977690355076E-17
    0.4349977775191438E-17
    0.4349978027446806E-17
    0.4349978447934718E-17
    0.4349981581028682E-17
    0.4350461274743095E-17
    0.4430233415218751E-17
    0.1607150406956311E-16
    0.1454393926733674E-14
    0.1440299105775931E-12
    0.1046736030883121E-10
    0.4591397792056234E-09
    0.6858216103753135E-08
    0.5886670387721843E-07
    0.3035159924217283E-06
    0.7239628537872625E-06
    0.9945450204655820E-06
    0.1096158809405692E-05
    0.9916575472225939E-06
    0.7740478165990931E-06
    0.6326321007347401E-06
    0.6199800113518207E-06
    0.6885612302807117E-06
    0.8653416778520589E-06
    0.1045307834980197E-04
    0.3136708749797237E-04
    0.4163489635349723E-04
    0.5292120075400271E-04
    0.8943828088577683E-04
    0.1538237595848731E-03
    0.2236496328859991E-03
    0.2706759362990113E-03
    0.2760063382880422E-03
    0.2538002773124461E-03
    0.2276858849425695E-03
    0.2166101739379554E-03
    0.2180975424126613E-03
    0.2223058753586687E-03
    0.2213647489859145E-03
    0.2120683202656371E-03
    0.1951956594333479E-03
    0.1754112242613027E-03
    0.1570583047453644E-03
    0.1422774613909587E-03
    0.1310922704459656E-03
    0.1189566880186012E-03
  
    0.4353847248157616E-17
    0.4353343291860007E-17
    0.4353039306122987E-17
    0.4352734508809751E-17
    0.4352458492022155E-17
    0.4352205680129680E-17
    0.4351975656847575E-17
    0.4351767273034057E-17
    0.4351582634899437E-17
    0.4352023072257380E-17
    0.4455967677874651E-17
    0.2006594938037352E-16
    0.2003519953700639E-14
    0.2043044963608886E-12
    0.1526891899050040E-10
    0.6852791527334967E-09
    0.1000229560215487E-07
    0.8343448461143955E-07
    0.3858072455365960E-06
    0.8219063261054664E-06
    0.1064511611418212E-05
    0.1134100235037359E-05
    0.9864434341670868E-06
    0.7603504548885458E-06
    0.6541228270823260E-06
    0.6842245672561864E-06
    0.7915657537743841E-06
    0.1014031409263668E-05
    0.1599647449147134E-04
    0.4138599135549322E-04
    0.5751178230275727E-04
    0.9018440092429896E-04
    0.1623707343587354E-03
    0.2528355770782153E-03
    0.3259359140658971E-03
    0.3399215757861175E-03
    0.3091949980377996E-03
    0.2702329596468032E-03
    0.2533756440789380E-03
    0.2542429947333612E-03
    0.2593875870780304E-03
    0.2584110936993649E-03
    0.2459399583310822E-03
    0.2237902408315609E-03
    0.1977340589745323E-03
    0.1738256414552421E-03
    0.1559143300641121E-03
    0.1423874480566101E-03
    0.1312963700982264E-03
    0.1178178425313216E-03
  
    0.4927300032776217E-17
    0.4859583072379694E-17
    0.4816890897151776E-17
    0.4773291270420562E-17
    0.4732624924394661E-17
    0.4694300772090116E-17
    0.4658360370576490E-17
    0.4624752649743378E-17
    0.4593439852074359E-17
    0.4565144606739605E-17
    0.4673465205962103E-17
    0.2550338873749744E-16
    0.2754052698661566E-14
    0.2895221206690671E-12
    0.2228860547108944E-10
    0.1025453191691850E-08
    0.1460573485766300E-07
    0.1179039941035575E-06
    0.4817652411656960E-06
    0.9203116896158146E-06
    0.1137792405511896E-05
    0.1165721246496798E-05
    0.9771236488339253E-06
    0.7558383549475276E-06
    0.6975806221943137E-06
    0.7779530272191401E-06
    0.9179285356223115E-06
    0.1201843557774257E-05
    0.2488536389973876E-04
    0.5778845612149440E-04
    0.9392679231069696E-04
    0.1733642292983019E-03
    0.2926319170687806E-03
    0.3960597879752221E-03
    0.4272888722404105E-03
    0.3890850279493301E-03
    0.3323399900699455E-03
    0.3018982339523840E-03
    0.3003445529557748E-03
    0.3051629764402487E-03
    0.3047862290976784E-03
    0.2882245073345195E-03
    0.2576653025085619E-03
    0.2234049243347227E-03
    0.1937834367354711E-03
    0.1721324679689044E-03
    0.1552397463873128E-03
    0.1406363513380020E-03
    0.1280470377136823E-03
    0.1128271688298226E-03
  
    0.9097352893676682E-16
    0.8352408911751612E-16
    0.7861880762675873E-16
    0.7351513468903787E-16
    0.6861420399623924E-16
    0.6386399965010369E-16
    0.5927457400905060E-16
    0.5484787659214311E-16
    0.5058617880945215E-16
    0.4649429185119551E-16
    0.4274874865180868E-16
    0.6675665831766283E-16
    0.3807128536189238E-14
    0.4098993525655175E-12
    0.3256244080812613E-10
    0.1539009508439205E-08
    0.2136030377607098E-07
    0.1650262483987596E-06
    0.5916936429370226E-06
    0.1019440443387616E-05
    0.1213055040745233E-05
    0.1190538242932760E-05
    0.9658473793930840E-06
    0.7687886484685649E-06
    0.7712643447877393E-06
    0.9042618827688177E-06
    0.1067815024342566E-05
    0.1477354183554833E-05
    0.3994549616680457E-04
    0.9184517006245607E-04
    0.1865542280048650E-03
    0.3469788505054987E-03
    0.5019795071232369E-03
    0.5542366812982774E-03
    0.5067223434631754E-03
    0.4232858533440698E-03
    0.3695653971430583E-03
    0.3565836179819011E-03
    0.3622834344898902E-03
    0.3630090365956266E-03
    0.3399263178588378E-03
    0.2989681025361135E-03
    0.2548360005162855E-03
    0.2175031033298380E-03
    0.1898833036450982E-03
    0.1682798422776803E-03
    0.1498450358208002E-03
    0.1337893652746014E-03
    0.1202424754170623E-03
    0.1036157653208541E-03
  
    0.1133604185162803E-13
    0.1072670959376550E-13
    0.1030758218559265E-13
    0.9863049388247595E-14
    0.9423941047552133E-14
    0.8986138614164139E-14
    0.8550562157163119E-14
    0.8117336536761224E-14
    0.7686571426574752E-14
    0.7258761131676573E-14
    0.6834215144534499E-14
    0.6449946980127379E-14
    0.1115648861473919E-13
    0.5852083005534535E-12
    0.4762192308818462E-10
    0.2317422515576284E-08
    0.3129853660578892E-07
    0.2275443819575573E-06
    0.7156316860234947E-06
    0.1120113649543668E-05
    0.1288569453093435E-05
    0.1208698869507503E-05
    0.9574683737839651E-06
    0.8109088523643027E-06
    0.8816771935798657E-06
    0.1063748425603195E-05
    0.1266928572003793E-05
    0.1922082646184351E-05
    0.6963310175903465E-04
    0.1892737467445437E-03
    0.4236379220126492E-03
    0.6759447866710681E-03
    0.7683786271958617E-03
    0.6858492742365833E-03
    0.5554865685206484E-03
    0.4625160508815462E-03
    0.4285012736105547E-03
    0.4320922752318545E-03
    0.4334731166853959E-03
    0.4051861792286872E-03
    0.3517625467270602E-03
    0.2925207351180684E-03
    0.2437414137601333E-03
    0.2084141545301348E-03
    0.1811563162117050E-03
    0.1584243371021361E-03
    0.1391498621408480E-03
    0.1221324582742313E-03
    0.1075881640129691E-03
    0.9074119363511133E-04
  
    0.1249956023901580E-11
    0.1223808228524418E-11
    0.1204947882328610E-11
    0.1184610277529434E-11
    0.1163972343691517E-11
    0.1142878138379169E-11
    0.1121330442792652E-11
    0.1099307759501474E-11
    0.1076788128418119E-11
    0.1053750301006355E-11
    0.1030179824629973E-11
    0.1006126155373551E-11
    0.9885370494360259E-12
    0.1775214589471293E-11
    0.7063521508614972E-10
    0.3503375879113845E-08
    0.4597112716033648E-07
    0.3086498165553983E-06
    0.8517391667879347E-06
    0.1224830997142727E-05
    0.1361435377554663E-05
    0.1221305518023967E-05
    0.9624774824961650E-06
    0.8935128015501710E-06
    0.1033554989514880E-05
    0.1263736728321248E-05
    0.1569579558152484E-05
    0.2711485652542862E-05
    0.1548555856161838E-03
    0.5179357034080798E-03
    0.9794273548473160E-03
    0.1159896355223477E-02
    0.9950161517815923E-03
    0.7471850771687568E-03
    0.5867922024311983E-03
    0.5155866901995425E-03
    0.5103232078158672E-03
    0.5200705215444489E-03
    0.4908077876837620E-03
    0.4182668638407903E-03
    0.3373500235565894E-03
    0.2739293120949461E-03
    0.2289278543854618E-03
    0.1944861599394249E-03
    0.1664157096855023E-03
    0.1426493194412425E-03
    0.1224418276110409E-03
    0.1054225992013867E-03
    0.9162635853468634E-04
    0.7673480566596535E-04
  
    0.1109043947037265E-09
    0.1122651133855342E-09
    0.1132577177145416E-09
    0.1143753617820319E-09
    0.1155557290264931E-09
    0.1168200218110100E-09
    0.1181781851067583E-09
    0.1196432375621586E-09
    0.1212301679723242E-09
    0.1229573307605952E-09
    0.1248479544410726E-09
    0.1269328573537427E-09
    0.1292632352225818E-09
    0.1330256592428943E-09
    0.2370246953108342E-09
    0.5453700844125067E-08
    0.6785329583196195E-07
    0.4117786173654496E-06
    0.9972128822062268E-06
    0.1337657786777336E-05
    0.1430016575097370E-05
    0.1232249060241567E-05
    0.9984065002870270E-06
    0.1025472993265934E-05
    0.1231624375317440E-05
    0.1558701697836521E-05
    0.2035488615066666E-05
    0.4498724057248009E-05
    0.5526668180901375E-03
    0.1583993083292583E-02
    0.1959299594091510E-02
    0.1581026328149788E-02
    0.1039037110712168E-02
    0.7310186030918005E-03
    0.5953343197055719E-03
    0.5916088850465640E-03
    0.6303437830488368E-03
    0.6106463844611890E-03
    0.5118863673071345E-03
    0.3985415988208121E-03
    0.3116032547857700E-03
    0.2522468458470179E-03
    0.2082889519446904E-03
    0.1730837736334398E-03
    0.1445025747661984E-03
    0.1214363685009730E-03
    0.1027655783890165E-03
    0.8778352790370286E-04
    0.7616774157253673E-04
    0.6381598369873698E-04
  
    0.7332864569030192E-08
    0.7662268996462502E-08
    0.7915859609748692E-08
    0.8204759086216880E-08
    0.8517376079302394E-08
    0.8859455664577143E-08
    0.9235217976381384E-08
    0.9649954541652035E-08
    0.1010992053404017E-07
    0.1062282520620173E-07
    0.1119847574560505E-07
    0.1184955216003800E-07
    0.1259259100602451E-07
    0.1345162767951493E-07
    0.1460301194938370E-07
    0.2375040023723509E-07
    0.1171340475891990E-06
    0.5586130917300546E-06
    0.1171766784632725E-05
    0.1484379057981461E-05
    0.1521698913706801E-05
    0.1286977130378323E-05
    0.1132872707075316E-05
    0.1286022910604419E-05
    0.1622769042423937E-05
    0.2271890651615018E-05
    0.3300348610952874E-05
    0.1037210245626346E-04
    0.2568676605419907E-02
    0.3775697536461712E-02
    0.2686351919695260E-02
    0.1487416108262376E-02
    0.8479560322021246E-03
    0.6213213488934990E-03
    0.6571692404356602E-03
    0.8011416937082820E-03
    0.8166042572468105E-03
    0.6703584493124322E-03
    0.4915456445542329E-03
    0.3641092343797734E-03
    0.2827220384827717E-03
    0.2242634121901618E-03
    0.1798115298378776E-03
    0.1459211010417224E-03
    0.1198368825341330E-03
    0.9985376817602741E-04
    0.8440249342302601E-04
    0.7224540619330729E-04
    0.6289146254610097E-04
    0.5316086437532568E-04
  
    0.3099743875138940E-06
    0.3331021066101147E-06
    0.3516437253801095E-06
    0.3732011946123308E-06
    0.3971617192393495E-06
    0.4240992801096010E-06
    0.4545773758409226E-06
    0.4893171092660081E-06
    0.5291550546646826E-06
    0.5750769700228233E-06
    0.6283670532053166E-06
    0.6908588962630945E-06
    0.7649033502012477E-06
    0.8538108189366682E-06
    0.9624674892229766E-06
    0.1109613261008117E-05
    0.1417906449589930E-05
    0.2193016728943466E-05
    0.3122101586640112E-05
    0.3848230387881150E-05
    0.4498176407264203E-05
    0.5400464536855909E-05
    0.7502484119172544E-05
    0.1232447846273668E-04
    0.2405818338217433E-04
    0.5831039363110140E-04
    0.1895269994430569E-03
    0.7436127375053407E-03
    0.1028451096618541E-01
    0.5571360195015878E-02
    0.2503553604410257E-02
    0.1208994945920383E-02
    0.6714009859222797E-03
    0.8030168081638294E-03
    0.1258739423478258E-02
    0.1352610651805614E-02
    0.1031001913590649E-02
    0.6837567750202767E-03
    0.4673240300440453E-03
    0.3407806302415945E-03
    0.2563850311277410E-03
    0.1976333927720057E-03
    0.1559724854280905E-03
    0.1259203051678251E-03
    0.1037091149766515E-03
    0.8694934682220897E-04
    0.7411995829319697E-04
    0.6418872723688131E-04
    0.5664367657575090E-04
    0.4882277837554442E-04
  
    0.3959016475678390E-06
    0.4191299469547525E-06
    0.4377715497429432E-06
    0.4594622818057058E-06
    0.4836565433179946E-06
    0.5111931886564219E-06
    0.5429305511563543E-06
    0.5799137853150390E-06
    0.6235901688091727E-06
    0.6764318725967638E-06
    0.7416907393938187E-06
    0.8234582232601893E-06
    0.9277624759127180E-06
    0.1063424759926036E-05
    0.1244798687140008E-05
    0.1513603750899932E-05
    0.2070618862644961E-05
    0.3267946378905210E-05
    0.4712691351534731E-05
    0.6354311292250220E-05
    0.8686438201439518E-05
    0.1293773042478837E-04
    0.2153059069427404E-04
    0.3928898028686933E-04
    0.7945684897316920E-04
    0.1886913540080064E-03
    0.4751032460328232E-03
    0.9617529937113069E-03
    0.2180740506410921E-02
    0.9665330421171765E-03
    0.6072719435562016E-03
    0.3811908637169128E-03
    0.2686890995886308E-03
    0.2435193040876125E-02
    0.2802737501495366E-02
    0.1722708285557400E-02
    0.9045235087817070E-03
    0.5227201649148789E-03
    0.3393119270904689E-03
    0.2354827953526511E-03
    0.1725346882110952E-03
    0.1321216779146536E-03
    0.1048189071541723E-03
    0.8569356271177090E-04
    0.7191951277349160E-04
    0.6179650871294766E-04
    0.5420070521557110E-04
    0.4834944981544582E-04
    0.4387609103144922E-04
    0.3907274139527644E-04
  
    0.5151317483903024E-06
    0.5477052142644387E-06
    0.5757242398537156E-06
    0.6102063508774690E-06
    0.6511341608175499E-06
    0.6999458519501204E-06
    0.7584628996967828E-06
    0.8294882799914881E-06
    0.9165957692896142E-06
    0.1024446437030281E-05
    0.1160080012247879E-05
    0.1334215381876709E-05
    0.1563112122098608E-05
    0.1874455966052094E-05
    0.2315738056453257E-05
    0.2990889187609972E-05
    0.4250515874841218E-05
    0.6535024344850738E-05
    0.9474289598627588E-05
    0.1342725958570435E-04
    0.1933477539364699E-04
    0.2941195735609938E-04
    0.4763578510141005E-04
    0.8232475166019557E-04
    0.1577105411250319E-03
    0.3050700887819705E-03
    0.5107166253255142E-03
    0.6417647920826417E-03
    0.1034892406652920E-02
    0.5299113611331938E-03
    0.4513043397891330E-03
    0.4271423692423087E-03
    0.8770359062077318E-03
    0.1307164318363200E-01
    0.4941693097128943E-02
    0.1698852853100470E-02
    0.7710353509342084E-03
    0.4454709853366318E-03
    0.2950795966756189E-03
    0.2128341940218568E-03
    0.1624776553050163E-03
    0.1291835000616219E-03
    0.1060482595988010E-03
    0.8936651955418532E-04
    0.7689631675268412E-04
    0.6729835464301002E-04
    0.5973074527827302E-04
    0.5358865735073389E-04
    0.4867265925050900E-04
    0.4315075496458699E-04
  
    0.6101857192023727E-06
    0.6640193713964322E-06
    0.7110265450023148E-06
    0.7677597116456226E-06
    0.8341730757490458E-06
    0.9134086339993907E-06
    0.1009066822513838E-05
    0.1126649248663099E-05
    0.1274515329191843E-05
    0.1465910460442295E-05
    0.1720646891459014E-05
    0.2070237269373016E-05
    0.2557999737307608E-05
    0.3247657037118625E-05
    0.4235871695993379E-05
    0.5699261619887754E-05
    0.8154498370221919E-05
    0.1198884508103904E-04
    0.1683184468560861E-04
    0.2340843537936984E-04
    0.3323758515208743E-04
    0.4907774608708373E-04
    0.7581341835634741E-04
    0.1267074054494813E-03
    0.2111633224168386E-03
    0.3091357173114920E-03
    0.3781794940816122E-03
    0.3698260396608243E-03
    0.5784490102393507E-03
    0.3518372781082499E-03
    0.3766857052968450E-03
    0.5249601097634292E-03
    0.8588606914002918E-03
    0.2056925328213776E-02
    0.8197195986706219E-03
    0.4864087082394685E-03
    0.3103565823752354E-03
    0.2208065308341578E-03
    0.1701250262574204E-03
    0.1370140497480800E-03
    0.1135706676991649E-03
    0.9618837717773519E-04
    0.8294540031854603E-04
    0.7264655083722078E-04
    0.6451327739966301E-04
    0.5793026971682398E-04
    0.5246869608933709E-04
    0.4785037415155896E-04
    0.4405810833223121E-04
    0.3969422617304857E-04
  
    0.7021253704233624E-06
    0.7800649165971038E-06
    0.8471767771601066E-06
    0.9305753599388446E-06
    0.1032521005187417E-05
    0.1160099777969965E-05
    0.1323775178597829E-05
    0.1538821885842272E-05
    0.1824624016907127E-05
    0.2204502211968120E-05
    0.2714851387633537E-05
    0.3404900323594883E-05
    0.4341412671158154E-05
    0.5608566280262399E-05
    0.7316117747962038E-05
    0.9693308622363600E-05
    0.1338560428692548E-04
    0.1872665274882267E-04
    0.2543334758942792E-04
    0.3444324946214672E-04
    0.4721297892917443E-04
    0.6722180284639861E-04
    0.1030888869457361E-03
    0.1565302339413253E-03
    0.2110109151902182E-03
    0.2526697322582077E-03
    0.2597666325761565E-03
    0.2432917898683799E-03
    0.3935916656420705E-03
    0.2946091187234938E-03
    0.3539818389749270E-03
    0.4628075752829440E-03
    0.5231908684775936E-03
    0.7761257521245163E-03
    0.4179706378545118E-03
    0.3322687646685247E-03
    0.2520252187308049E-03
    0.1921933838492961E-03
    0.1522296841782572E-03
    0.1255379969993766E-03
    0.1063424359003727E-03
    0.9163170062132883E-04
    0.8007000573757191E-04
    0.7079222886649442E-04
    0.6317916318493101E-04
    0.5685946678370517E-04
    0.5158671248692223E-04
    0.4713817622278774E-04
    0.4351428804304339E-04
    0.3937052985743275E-04
  
    0.8601259505709316E-06
    0.9792997325286851E-06
    0.1091253553975358E-05
    0.1237924412402085E-05
    0.1424546563965490E-05
    0.1663307690219902E-05
    0.1969048035587232E-05
    0.2362574440305716E-05
    0.2873675228715047E-05
    0.3539826169550646E-05
    0.4400902035789597E-05
    0.5507078084690649E-05
    0.6933426920675252E-05
    0.8753659875286455E-05
    0.1109726022487700E-04
    0.1430127162478761E-04
    0.1923601291958022E-04
    0.2591672282510119E-04
    0.3396473300570691E-04
    0.4422734587666105E-04
    0.5950610461149232E-04
    0.8578040946238591E-04
    0.1225852616581105E-03
    0.1572137261827796E-03
    0.1837452983074607E-03
    0.1954578109488812E-03
    0.1939113018727610E-03
    0.1878275816880989E-03
    0.3105116323697991E-03
    0.2662512048487618E-03
    0.3034867816207665E-03
    0.3290977454916695E-03
    0.3065292907352185E-03
    0.4102308621056584E-03
    0.2586882914854049E-03
    0.2231845677501765E-03
    0.1923862797677971E-03
    0.1603818926758490E-03
    0.1325695078195833E-03
    0.1116142575279275E-03
    0.9626260497590934E-04
    0.8458740676026314E-04
    0.7508689894581756E-04
    0.6709739194747645E-04
    0.6036743207048106E-04
    0.5472339979430190E-04
    0.4999378261625160E-04
    0.4595540684569579E-04
    0.4260850034082033E-04
    0.3874338806465467E-04
  
    0.1141649275408979E-05
    0.1350533912803408E-05
    0.1548467146707876E-05
    0.1801450414569918E-05
    0.2116498419197807E-05
    0.2514362028837869E-05
    0.3016766502678790E-05
    0.3643398323478724E-05
    0.4419637920322969E-05
    0.5387292565628571E-05
    0.6581351479234047E-05
    0.8044648535388859E-05
    0.9843951357596936E-05
    0.1212575899010928E-04
    0.1507418082848834E-04
    0.1908235896555892E-04
    0.2505256648460325E-04
    0.3242453874504084E-04
    0.4103289005248280E-04
    0.5317817191673404E-04
    0.7284382675038516E-04
    0.9990225836489519E-04
    0.1245296515980994E-03
    0.1423314163163337E-03
    0.1537392770107119E-03
    0.1587756989673604E-03
    0.1590730651031198E-03
    0.1609302723933989E-03
    0.2623538290453605E-03
    0.2279950969073747E-03
    0.2371273507404580E-03
    0.2293964712359571E-03
    0.2028827777803520E-03
    0.2701799474990585E-03
    0.1871663616472146E-03
    0.1642177488130352E-03
    0.1460354984661162E-03
    0.1302550737179842E-03
    0.1132356027268566E-03
    0.9824582185336457E-04
    0.8595478632622712E-04
    0.7640062124573167E-04
    0.6891162898499594E-04
    0.6261236991598936E-04
    0.5709782801953547E-04
    0.5221677984584449E-04
    0.4790986076440220E-04
    0.4418417020717988E-04
    0.4112214682544501E-04
    0.3758859853525695E-04
  
    0.1613349245916655E-05
    0.1947205763232036E-05
    0.2260441889667871E-05
    0.2656313426922911E-05
    0.3136141145151546E-05
    0.3712745165744766E-05
    0.4411997726380029E-05
    0.5259168947770876E-05
    0.6268232730706928E-05
    0.7455755328687219E-05
    0.8872840907373145E-05
    0.1061768467411310E-04
    0.1279124960501059E-04
    0.1553712484930900E-04
    0.1897760400804039E-04
    0.2348967745780459E-04
    0.3005908522719657E-04
    0.3780764114615452E-04
    0.4795209098410741E-04
    0.6328642959661059E-04
    0.8385797160878929E-04
    0.1028919202659727E-03
    0.1159689840581980E-03
    0.1255208499902298E-03
    0.1328867289293551E-03
    0.1371909839046246E-03
    0.1374840419235312E-03
    0.1457277933391518E-03
    0.2194705540493196E-03
    0.1866760180048236E-03
    0.1823133076600084E-03
    0.1694741441451033E-03
    0.1497138070142754E-03
    0.1979266534019195E-03
    0.1460433503806423E-03
    0.1303654704457720E-03
    0.1170667921807197E-03
    0.1064196012672431E-03
    0.9642760754851678E-04
    0.8575948580242989E-04
    0.7621972133318178E-04
    0.6860275350197214E-04
    0.6232413811509721E-04
    0.5723658598614747E-04
    0.5301607296577452E-04
    0.4921460003820682E-04
    0.4575974348835253E-04
    0.4261246786277800E-04
    0.3984423373155917E-04
    0.3640768773213499E-04
  
    0.2294061197255259E-05
    0.2785358656185097E-05
    0.3220288315960440E-05
    0.3753859570111283E-05
    0.4387747170160588E-05
    0.5131682244775724E-05
    0.5986197844912710E-05
    0.6963751098301757E-05
    0.8111014272817998E-05
    0.9478936069764464E-05
    0.1113797306129100E-04
    0.1319525793826328E-04
    0.1572001130070101E-04
    0.1873029679225715E-04
    0.2236941028733237E-04
    0.2723587442967203E-04
    0.3443586943405192E-04
    0.4335048129427908E-04
    0.5604419036876449E-04
    0.7218818769042903E-04
    0.8756581076294266E-04
    0.9839105633950596E-04
    0.1062988276112136E-03
    0.1139784585621562E-03
    0.1200593122327843E-03
    0.1223477733876434E-03
    0.1232674137155988E-03
    0.1296847190564013E-03
    0.1812855209058433E-03
    0.1518609318903072E-03
    0.1448302125580968E-03
    0.1332773228546846E-03
    0.1180798536064729E-03
    0.1541830449586712E-03
    0.1185040904245917E-03
    0.1075705880657846E-03
    0.9755248928172137E-04
    0.8934647423667553E-04
    0.8244913274297214E-04
    0.7553303960830111E-04
    0.6820824364548124E-04
    0.6172329502093617E-04
    0.5631732176367953E-04
    0.5199201522016501E-04
    0.4837098736105929E-04
    0.4537260397379258E-04
    0.4281871731797690E-04
    0.4038989106800419E-04
    0.3811992245642442E-04
    0.3513805762787398E-04
  
    0.3152653071304785E-05
    0.3789199570935090E-05
    0.4347673509574016E-05
    0.5001988685394134E-05
    0.5729854895871258E-05
    0.6554832795894836E-05
    0.7503337531540696E-05
    0.8600197557463531E-05
    0.9904345144325975E-05
    0.1150079268084026E-04
    0.1343646201933279E-04
    0.1569446106251863E-04
    0.1833313951232323E-04
    0.2144411746448700E-04
    0.2513276906449235E-04
    0.3045456054809734E-04
    0.3897306586067230E-04
    0.5017474697638825E-04
    0.6340403222987863E-04
    0.7629113857882270E-04
    0.8611148951452984E-04
    0.9333853454127429E-04
    0.1008512832212741E-03
    0.1076164658982120E-03
    0.1107079721872401E-03
    0.1108729379210608E-03
    0.1102965578372185E-03
    0.1133448592972914E-03
    0.1509129514240263E-03
    0.1264475032925539E-03
    0.1197858092184484E-03
    0.1090412080191890E-03
    0.9775229040006597E-04
    0.1249008462549588E-03
    0.9886640415518780E-04
    0.9080501810642262E-04
    0.8306983992518539E-04
    0.7677662434275168E-04
    0.7145579399611850E-04
    0.6668191095794380E-04
    0.6155082722262573E-04
    0.5606614924797376E-04
    0.5137173174942420E-04
    0.4749128194572237E-04
    0.4432195198947571E-04
    0.4167851414970944E-04
    0.3930911384385793E-04
    0.3722349189329254E-04
    0.3552513429954286E-04
    0.3329437531982584E-04
  
    0.4140781894193720E-05
    0.4891696340472841E-05
    0.5505532065390602E-05
    0.6215817506072622E-05
    0.7011821449014159E-05
    0.7911020766462305E-05
    0.8961460893151472E-05
    0.1023231255610352E-04
    0.1175999199482916E-04
    0.1351709551705190E-04
    0.1551403508513792E-04
    0.1782635995641447E-04
    0.2052940653344682E-04
    0.2363245248291149E-04
    0.2736521056536924E-04
    0.3403768277005065E-04
    0.4489253793903383E-04
    0.5647591169277992E-04
    0.6771300138498850E-04
    0.7743931404992912E-04
    0.8531616084012757E-04
    0.9309949215050763E-04
    0.9954263505607017E-04
    0.1028429482029686E-03
    0.1027708090856069E-03
    0.1005214349847147E-03
    0.9854352582487673E-04
    0.9940154743130873E-04
    0.1284471171131452E-03
    0.1084834423400516E-03
    0.1015970848265338E-03
    0.9154548729913851E-04
    0.8337345019279980E-04
    0.1037527656340569E-03
    0.8411281032133341E-04
    0.7816089033782629E-04
    0.7228033280434790E-04
    0.6709014003021420E-04
    0.6258795792339604E-04
    0.5872621747684492E-04
    0.5524040270667562E-04
    0.5151561928824762E-04
    0.4755476054121878E-04
    0.4399595605742554E-04
    0.4088044594040070E-04
    0.3825625412255867E-04
    0.3610145814328364E-04
    0.3430951740425774E-04
    0.3272570672966935E-04
    0.3080018691222467E-04
  
    0.5143024477496300E-05
    0.5950693966451286E-05
    0.6606693675353866E-05
    0.7356525648947847E-05
    0.8218241599678479E-05
    0.9252154094952117E-05
    0.1048419688812316E-04
    0.1189546812493632E-04
    0.1347029963173383E-04
    0.1524004957391125E-04
    0.1727764100958362E-04
    0.1960244489144343E-04
    0.2220912844903147E-04
    0.2533050384356367E-04
    0.3003246829918084E-04
    0.3900125350198674E-04
    0.5047827726102094E-04
    0.6091486236592839E-04
    0.7122004134123331E-04
    0.8116523837327191E-04
    0.9020407867681805E-04
    0.9618600830827402E-04
    0.9895542339139318E-04
    0.9826846048592053E-04
    0.9530021619579244E-04
    0.9145606429203144E-04
    0.8876359921372432E-04
    0.8874226884105510E-04
    0.1121965348328412E-03
    0.9466573400598697E-04
    0.8690250066182236E-04
    0.7819483257735235E-04
    0.7237794024798932E-04
    0.8812067108666113E-04
    0.7296550015424592E-04
    0.6820959937272694E-04
    0.6354098346068954E-04
    0.5930970740609924E-04
    0.5555250570955180E-04
    0.5230271640391671E-04
    0.4955107078132919E-04
    0.4689647435759332E-04
    0.4394291394606661E-04
    0.4093277700208655E-04
    0.3820307581500327E-04
    0.3571249750623417E-04
    0.3351900095866476E-04
    0.3161328430675943E-04
    0.3010688885291858E-04
    0.2843856884844892E-04
  
    0.6087039050776731E-05
    0.6914519887183324E-05
    0.7614930694812440E-05
    0.8472339362372530E-05
    0.9482626719273136E-05
    0.1064298105842062E-04
    0.1192511535395672E-04
    0.1332647219809129E-04
    0.1489753997451543E-04
    0.1670555884687745E-04
    0.1871150382263014E-04
    0.2087359189301520E-04
    0.2353428636431195E-04
    0.2768625920994367E-04
    0.3358950380369115E-04
    0.4384071048230605E-04
    0.5478836364741417E-04
    0.6650002662527607E-04
    0.8029263915401287E-04
    0.9288456073390485E-04
    0.9930073945372697E-04
    0.1001461801052046E-03
    0.9758073343932361E-04
    0.9375518695759155E-04
    0.8854418142842764E-04
    0.8397506521819611E-04
    0.8114636161323722E-04
    0.8098152165447163E-04
    0.9887661324012098E-04
    0.8244037923994292E-04
    0.7487564748193199E-04
    0.6794957784894285E-04
    0.6353302887530456E-04
    0.7610817050315808E-04
    0.6399706487641766E-04
    0.6004682124031855E-04
    0.5633313867451953E-04
    0.5307881525767474E-04
    0.5010482227868625E-04
    0.4716151985588003E-04
    0.4455680096036141E-04
    0.4231970235608893E-04
    0.4019212744636891E-04
    0.3795157519463705E-04
    0.3572899407355831E-04
    0.3363971341724463E-04
    0.3160776909143040E-04
    0.2969124706374999E-04
    0.2809948385104957E-04
    0.2644330662931757E-04
  
    0.6933587435189050E-05
    0.7851802939973882E-05
    0.8675649538306605E-05
    0.9647425674166384E-05
    0.1071718331524558E-04
    0.1186644114311988E-04
    0.1311629968340095E-04
    0.1452716193171524E-04
    0.1613096263605378E-04
    0.1783858199346320E-04
    0.1966978818589633E-04
    0.2199469581136166E-04
    0.2568276800950320E-04
    0.3075058365758308E-04
    0.3665318331027906E-04
    0.4787861489550626E-04
    0.6154271752490797E-04
    0.8283819285360039E-04
    0.1036818261133745E-03
    0.1123977623506755E-03
    0.1089462599240639E-03
    0.1020536874296607E-03
    0.9549569411235419E-04
    0.8892401179700305E-04
    0.8238555162619182E-04
    0.7784992852776697E-04
    0.7485920111176633E-04
    0.7369597341157963E-04
    0.8679042373394320E-04
    0.7142003389908203E-04
    0.6504724740686746E-04
    0.5971466850482611E-04
    0.5610249886947578E-04
    0.6644877089006050E-04
    0.5682292125124878E-04
    0.5364685959408480E-04
    0.5051948242851853E-04
    0.4779373154572949E-04
    0.4530898405033998E-04
    0.4285970565192312E-04
    0.4054129144607879E-04
    0.3852341298857478E-04
    0.3670581381446108E-04
    0.3490497113370826E-04
    0.3309927470037536E-04
    0.3142449014818183E-04
    0.2991340888728351E-04
    0.2843668095084891E-04
    0.2693817327383969E-04
    0.2505487152117692E-04
  
    0.7804580426794657E-05
    0.8854440859566877E-05
    0.9743997694294235E-05
    0.1071464646426578E-04
    0.1174461660588373E-04
    0.1286021529247970E-04
    0.1414220104676507E-04
    0.1556197294938907E-04
    0.1701415060645667E-04
    0.1856468877528085E-04
    0.2067654470940447E-04
    0.2394503078956088E-04
    0.2837055678723167E-04
    0.3347130184046338E-04
    0.3799997401814222E-04
    0.5441518007763991E-04
    0.8792996004062669E-04
    0.1290634084978614E-03
    0.1441834786035011E-03
    0.1318394595629434E-03
    0.1139965134596389E-03
    0.1010539025350634E-03
    0.9166639270448795E-04
    0.8286778784520500E-04
    0.7628932931084716E-04
    0.7170311234609849E-04
    0.6840522781480640E-04
    0.6579017942191105E-04
    0.7533758602935242E-04
    0.6174193980807724E-04
    0.5707753703934260E-04
    0.5313916107769676E-04
    0.5015775770636764E-04
    0.5877687595319008E-04
    0.5112815599379755E-04
    0.4841691411302961E-04
    0.4558853961160671E-04
    0.4325329723304632E-04
    0.4129784439734074E-04
    0.3934865732089684E-04
    0.3730713173172376E-04
    0.3532924616891657E-04
    0.3358633239769542E-04
    0.3203724054405304E-04
    0.3061644157478021E-04
    0.2931088790415331E-04
    0.2811598720893306E-04
    0.2696866505821558E-04
    0.2589368673433113E-04
    0.2411191208542617E-04
  
    0.8711666719234072E-05
    0.9794750056519015E-05
    0.1065294865548287E-04
    0.1157176188331752E-04
    0.1258953353018035E-04
    0.1376986936195414E-04
    0.1500477029199890E-04
    0.1626283885364123E-04
    0.1761620267602150E-04
    0.1958161765081230E-04
    0.2250939439957792E-04
    0.2643713686720070E-04
    0.3095419333506373E-04
    0.3491864208491317E-04
    0.3702752491739037E-04
    0.9416174872334910E-04
    0.1916918054076812E-03
    0.2242538127955990E-03
    0.1836777928906199E-03
    0.1377109101272710E-03
    0.1105999127656311E-03
    0.9508705254062782E-04
    0.8354385695410976E-04
    0.7490813901987418E-04
    0.6924470712519999E-04
    0.6500820455716672E-04
    0.6129523671928853E-04
    0.5763553313802940E-04
    0.6516135998054432E-04
    0.5399814058560020E-04
    0.5105865469353057E-04
    0.4816735542513139E-04
    0.4557514744789253E-04
    0.5269694001758814E-04
    0.4646096033241775E-04
    0.4419201509355211E-04
    0.4171860544259042E-04
    0.3960678696587165E-04
    0.3785751233131643E-04
    0.3612876618747389E-04
    0.3435417970051303E-04
    0.3263541836007705E-04
    0.3107321138566512E-04
    0.2970839879728402E-04
    0.2844609003583800E-04
    0.2728430461488791E-04
    0.2623641573553933E-04
    0.2525661938971320E-04
    0.2437281982448616E-04
    0.2309698114114540E-04
  
    0.9537964219930367E-05
    0.1056193689562248E-04
    0.1137245496604244E-04
    0.1232456397174010E-04
    0.1339210914595871E-04
    0.1447753346705582E-04
    0.1555433709218267E-04
    0.1676908489024602E-04
    0.1855051599164595E-04
    0.2111853745751165E-04
    0.2451243424918300E-04
    0.2827776597645563E-04
    0.3127298260013273E-04
    0.3211240304686095E-04
    0.3275467410349382E-04
    0.4064996793587058E-03
    0.4789470530007923E-03
    0.3075940183963461E-03
    0.1786549420139463E-03
    0.1216199705186885E-03
    0.9598998764912159E-04
    0.8200316367628389E-04
    0.7299271107214251E-04
    0.6706073296442086E-04
    0.6263539958941501E-04
    0.5858758359541205E-04
    0.5423169911407038E-04
    0.5060774571137304E-04
    0.5756252491192050E-04
    0.4891755818692448E-04
    0.4698201739201128E-04
    0.4461074001001070E-04
    0.4217419198730300E-04
    0.4804714471582715E-04
    0.4280354685977828E-04
    0.4089852163226387E-04
    0.3852151940732386E-04
    0.3635135223186929E-04
    0.3467913309510538E-04
    0.3327055683613005E-04
    0.3185272575819476E-04
    0.3040838620773246E-04
    0.2900742532530856E-04
    0.2769770380785906E-04
    0.2647079356625983E-04
    0.2533481571778254E-04
    0.2434949528553880E-04
    0.2350405021165731E-04
    0.2277374814585290E-04
    0.2176094185720179E-04
  
    0.1026281005651261E-04
    0.1124704563459459E-04
    0.1214531050506250E-04
    0.1311336009076945E-04
    0.1409078022961664E-04
    0.1503531390887788E-04
    0.1617817730116180E-04
    0.1783900944038717E-04
    0.2022570230217225E-04
    0.2345458991209223E-04
    0.2724643793674335E-04
    0.3105310915550873E-04
    0.3563081136349198E-04
    0.5126549364647703E-04
    0.1401362816557825E-03
    0.2154250619342004E-02
    0.8212461016604145E-03
    0.2975763447495204E-03
    0.1522967916458427E-03
    0.1051910730731237E-03
    0.8661744939765277E-04
    0.7724589895961859E-04
    0.7100436419091745E-04
    0.6575091692761435E-04
    0.6058475856179098E-04
    0.5559304224090205E-04
    0.5093115835694278E-04
    0.4772672138558162E-04
    0.5400165801045872E-04
    0.4671097436809334E-04
    0.4489005887834705E-04
    0.4255642161855445E-04
    0.4012202690025369E-04
    0.4483047380115418E-04
    0.3992532528592533E-04
    0.3810740324170744E-04
    0.3588169633386578E-04
    0.3381118006499521E-04
    0.3221254077325380E-04
    0.3096380386812021E-04
    0.2973289731662613E-04
    0.2841699809341725E-04
    0.2711641898159604E-04
    0.2588572340408811E-04
    0.2475535470259598E-04
    0.2368657349351722E-04
    0.2272529237660759E-04
    0.2192602419604501E-04
    0.2131940335055275E-04
    0.2046225693135187E-04
  
    0.1082340106240604E-04
    0.1189743973443777E-04
    0.1277260530866622E-04
    0.1363397809535087E-04
    0.1447725266268475E-04
    0.1557472775854336E-04
    0.1716114416596887E-04
    0.1945708634232656E-04
    0.2264697277551412E-04
    0.2651307100819536E-04
    0.3057228334791407E-04
    0.3582893253407308E-04
    0.4673151074480512E-04
    0.7694040227673003E-04
    0.1450184596222493E-03
    0.3441060485078958E-03
    0.1462792840776900E-03
    0.9896968332623141E-04
    0.7755156730107809E-04
    0.7127225218674354E-04
    0.7033223602023143E-04
    0.6896212480254038E-04
    0.6530535574967031E-04
    0.6010023040464431E-04
    0.5505333574725005E-04
    0.5045258838737780E-04
    0.4664920628383465E-04
    0.4396320681963173E-04
    0.4966706490568489E-04
    0.4340719556436329E-04
    0.4174748908363299E-04
    0.3950484344740408E-04
    0.3697420852181970E-04
    0.4077737479836148E-04
    0.3636212629452531E-04
    0.3486254986103526E-04
    0.3298465288439764E-04
    0.3106668283839494E-04
    0.2947076076277703E-04
    0.2824849581264813E-04
    0.2718401889960029E-04
    0.2607943555443007E-04
    0.2497150831164742E-04
    0.2390794913034354E-04
    0.2293080007943148E-04
    0.2201448777746164E-04
    0.2113530233707670E-04
    0.2034063350636403E-04
    0.1974624337932773E-04
    0.1903440590567923E-04
  
    0.1142948817323811E-04
    0.1247565677955661E-04
    0.1322837487038005E-04
    0.1402873768622455E-04
    0.1512030226980764E-04
    0.1666791393573615E-04
    0.1890336461225669E-04
    0.2201703926569326E-04
    0.2570705184807173E-04
    0.2955954606171309E-04
    0.3414605301898256E-04
    0.4143742394072622E-04
    0.5487705367549285E-04
    0.7761136949833281E-04
    0.9241292610468108E-04
    0.1381608631270571E-03
    0.8477775297681047E-04
    0.7992175943591137E-04
    0.7495094377255355E-04
    0.7571574165064398E-04
    0.7656738871839147E-04
    0.7289914069837006E-04
    0.6601193029342240E-04
    0.5902045779285952E-04
    0.5358877848461688E-04
    0.4900659863890387E-04
    0.4498131298995890E-04
    0.4203899698369569E-04
    0.4692305742141511E-04
    0.4113046300361909E-04
    0.3913134136805276E-04
    0.3678128222182305E-04
    0.3433464673856762E-04
    0.3752852340914367E-04
    0.3354345762874741E-04
    0.3213303211346639E-04
    0.3046577569702776E-04
    0.2867576429048279E-04
    0.2712242609094434E-04
    0.2591134171040652E-04
    0.2496737411061955E-04
    0.2407688607945485E-04
    0.2315961985344062E-04
    0.2224304240117916E-04
    0.2137233836441158E-04
    0.2057407027449981E-04
    0.1981208069715174E-04
    0.1908712485763816E-04
    0.1848936851385499E-04
    0.1782352723838619E-04
  
    0.1198155994692272E-04
    0.1290349633724549E-04
    0.1369461488048290E-04
    0.1476663795498850E-04
    0.1625918067471646E-04
    0.1839806141621175E-04
    0.2132910622651054E-04
    0.2470718857964776E-04
    0.2817679908200971E-04
    0.3198910931465713E-04
    0.3698657903142373E-04
    0.4417996824089892E-04
    0.5358762289966122E-04
    0.6061344623116191E-04
    0.5880848774416245E-04
    0.8206303513045362E-04
    0.6422242863779326E-04
    0.7093663691881642E-04
    0.7997170064994359E-04
    0.8706997670383542E-04
    0.8500567294309909E-04
    0.7579591774629114E-04
    0.6556132023271614E-04
    0.5817621184359634E-04
    0.5262210212464184E-04
    0.4748358723275283E-04
    0.4305366613333433E-04
    0.3989278408953023E-04
    0.4376428470972977E-04
    0.3826131660611857E-04
    0.3622170236713597E-04
    0.3398164143905003E-04
    0.3168071885574271E-04
    0.3432904917785525E-04
    0.3074111980875182E-04
    0.2939921186582489E-04
    0.2797574699734508E-04
    0.2644085053462930E-04
    0.2505774982718148E-04
    0.2389519672701901E-04
    0.2298020080127976E-04
    0.2222397054795627E-04
    0.2148011164968849E-04
    0.2073622794669982E-04
    0.2000271505194952E-04
    0.1933149443959280E-04
    0.1869792174237118E-04
    0.1807705896339995E-04
    0.1754196973438833E-04
    0.1683304727959438E-04
  
    0.1244732407957007E-04
    0.1340747788441812E-04
    0.1443340344979867E-04
    0.1584322658657235E-04
    0.1785193663867060E-04
    0.2055955722352785E-04
    0.2360600367861897E-04
    0.2669601193393032E-04
    0.2989932402312003E-04
    0.3349299796774087E-04
    0.3765729424273551E-04
    0.4219691068060676E-04
    0.4591636789649199E-04
    0.4607479881866708E-04
    0.4432702020474317E-04
    0.6326294702213433E-04
    0.6251378820191365E-04
    0.8218148525093314E-04
    0.1008080421650445E-03
    0.1047464417426835E-03
    0.9230341364234852E-04
    0.7658160662042204E-04
    0.6496302691880689E-04
    0.5722633385433866E-04
    0.5086508058998744E-04
    0.4482570679604542E-04
    0.3990560036811572E-04
    0.3667477562717099E-04
    0.3991302894049442E-04
    0.3487523063513689E-04
    0.3292685175662194E-04
    0.3090187106035242E-04
    0.2883463740744712E-04
    0.3113968119533955E-04
    0.2805536996057536E-04
    0.2686177500950367E-04
    0.2564789487885483E-04
    0.2436085748698867E-04
    0.2316596426609808E-04
    0.2212420971954327E-04
    0.2125940963608775E-04
    0.2059165478914429E-04
    0.2000914076361571E-04
    0.1943154467618293E-04
    0.1884146434508198E-04
    0.1827391857639329E-04
    0.1774422646701654E-04
    0.1720965241036254E-04
    0.1673407752828385E-04
    0.1604889987463217E-04
  
    0.1291407508859287E-04
    0.1410846040625541E-04
    0.1539998752510692E-04
    0.1727046414667378E-04
    0.1975293484392921E-04
    0.2250254717472938E-04
    0.2526294240915562E-04
    0.2796965833818516E-04
    0.3060270496758683E-04
    0.3331898898313988E-04
    0.3563373574799767E-04
    0.3759884373761083E-04
    0.3848942281855625E-04
    0.3790072557213764E-04
    0.3713973641800805E-04
    0.6065862791283765E-04
    0.8750458609625559E-04
    0.1279411187397201E-03
    0.1401778624551788E-03
    0.1209806527662217E-03
    0.9442349061960664E-04
    0.7533494088677746E-04
    0.6319298338743604E-04
    0.5409921588174317E-04
    0.4653518985494542E-04
    0.3999144800305789E-04
    0.3527912876174375E-04
    0.3245980734455753E-04
    0.3548089456583632E-04
    0.3112580455972274E-04
    0.2949627943080507E-04
    0.2784296346460327E-04
    0.2609801037439491E-04
    0.2816926920588613E-04
    0.2557223745383193E-04
    0.2456635656088375E-04
    0.2356535165952854E-04
    0.2253798278990613E-04
    0.2156056074121379E-04
    0.2069498792913315E-04
    0.1990716908966573E-04
    0.1926629394403677E-04
    0.1875188678257531E-04
    0.1829550357455162E-04
    0.1782066651850626E-04
    0.1734049386798562E-04
    0.1690127434433419E-04
    0.1645132420873506E-04
    0.1603289324769551E-04
    0.1538677003557526E-04
  
    0.1348500561453422E-04
    0.1495956768305570E-04
    0.1668053268966233E-04
    0.1895452773475092E-04
    0.2144957280736414E-04
    0.2391352386080929E-04
    0.2620850529643433E-04
    0.2828455213779185E-04
    0.3014017885479609E-04
    0.3144980543246847E-04
    0.3239420423086560E-04
    0.3318427308055235E-04
    0.3357436785615304E-04
    0.3318193108373340E-04
    0.3288290396588101E-04
    0.9879345346264835E-04
    0.1946019972649651E-03
    0.2252937985692922E-03
    0.1780868800573090E-03
    0.1230198632403888E-03
    0.8896316309140821E-04
    0.6946557746011508E-04
    0.5630203684065756E-04
    0.4666495232264262E-04
    0.3927948455380367E-04
    0.3356551330407251E-04
    0.2991327832092536E-04
    0.2793985784990273E-04
    0.3104709648215774E-04
    0.2749590603833209E-04
    0.2631901172845007E-04
    0.2512294900384112E-04
    0.2376592598029260E-04
    0.2571526220518189E-04
    0.2357159634650594E-04
    0.2278061500847494E-04
    0.2195112474590611E-04
    0.2108649818385701E-04
    0.2027821187919785E-04
    0.1955829623080049E-04
    0.1885932643425475E-04
    0.1822512482730801E-04
    0.1770640672077988E-04
    0.1730538682575712E-04
    0.1692249917079963E-04
    0.1651778837152524E-04
    0.1613668121044331E-04
    0.1578045844033756E-04
    0.1542724239176328E-04
    0.1481348548311362E-04
  
    0.1419341418890767E-04
    0.1613342142246108E-04
    0.1819139732663880E-04
    0.2045407092668923E-04
    0.2265176864785860E-04
    0.2465231070523540E-04
    0.2636789824420831E-04
    0.2772287264853240E-04
    0.2853251367204607E-04
    0.2892561854600916E-04
    0.2933793687955647E-04
    0.2990597714602965E-04
    0.2978424105009343E-04
    0.2887440152797037E-04
    0.2917051024515278E-04
    0.4234255384543726E-03
    0.4927115351320791E-03
    0.3093911771447851E-03
    0.1688813663866532E-03
    0.1035084765451726E-03
    0.7245091461522084E-04
    0.5523237811673626E-04
    0.4452272761241171E-04
    0.3720513909997124E-04
    0.3163444509181220E-04
    0.2756711369043360E-04
    0.2522481557180246E-04
    0.2416091032367038E-04
    0.2746222308868557E-04
    0.2468349669804055E-04
    0.2396011150983711E-04
    0.2318879186197559E-04
    0.2215170933927124E-04
    0.2397997463105109E-04
    0.2214012299777638E-04
    0.2150436457819096E-04
    0.2078172280462509E-04
    0.1998754075465259E-04
    0.1928253242759611E-04
    0.1866796584074623E-04
    0.1805817546375132E-04
    0.1744545760161031E-04
    0.1689813561889249E-04
    0.1647341497999868E-04
    0.1614193115772788E-04
    0.1579730841355897E-04
    0.1545187508808799E-04
    0.1514408881364033E-04
    0.1488621650696912E-04
    0.1431279717044287E-04
  
    0.1523038237880339E-04
    0.1757519281276991E-04
    0.1960800803711562E-04
    0.2160234477873223E-04
    0.2341620871805180E-04
    0.2490739697614015E-04
    0.2600181980774691E-04
    0.2661570397336593E-04
    0.2682379155863410E-04
    0.2704619710990635E-04
    0.2785334671082104E-04
    0.2919771466976292E-04
    0.3252573136552779E-04
    0.4756539602319491E-04
    0.1408551887108513E-03
    0.2246209780592108E-02
    0.8487146380164751E-03
    0.2958293669132118E-03
    0.1384277495129018E-03
    0.8428974034193715E-04
    0.6008861176877142E-04
    0.4717436431806882E-04
    0.3918141376734836E-04
    0.3357457878398096E-04
    0.2918751212898526E-04
    0.2600456966339174E-04
    0.2419680287701976E-04
    0.2337539565954292E-04
    0.2638269286063221E-04
    0.2387693315033330E-04
    0.2320738100205765E-04
    0.2252312019625134E-04
    0.2154790117309720E-04
    0.2313426165656280E-04
    0.2141689812331235E-04
    0.2083782903596194E-04
    0.2015039386126418E-04
    0.1935520930417814E-04
    0.1866280435227242E-04
    0.1810444694551588E-04
    0.1755317736346537E-04
    0.1697302527687897E-04
    0.1640383260769334E-04
    0.1591422344633726E-04
    0.1556105385232254E-04
    0.1525761877754026E-04
    0.1493621857612964E-04
    0.1463760773955223E-04
    0.1442965541521495E-04
    0.1394468382112128E-04
  
    0.1640179109837415E-04
    0.1878150771647265E-04
    0.2058039521323353E-04
    0.2224921348339826E-04
    0.2358491185050418E-04
    0.2452759709777663E-04
    0.2506833988570601E-04
    0.2525587159803246E-04
    0.2541630570825137E-04
    0.2634011653676286E-04
    0.2851132895588484E-04
    0.3277252654437781E-04
    0.4357034759485637E-04
    0.7534513168845696E-04
    0.1438439891196729E-03
    0.3547805808734521E-03
    0.1412276063636594E-03
    0.8573197183934782E-04
    0.5760933850422370E-04
    0.4432681215205691E-04
    0.3717140013455557E-04
    0.3251799182622564E-04
    0.2906826470686542E-04
    0.2620405827821473E-04
    0.2372308459250168E-04
    0.2192540796083732E-04
    0.2097334768514008E-04
    0.2067005948297961E-04
    0.2368350102905352E-04
    0.2162849604802502E-04
    0.2119416734919295E-04
    0.2075902720264428E-04
    0.1997325118094769E-04
    0.2145744589578657E-04
    0.1993255293196444E-04
    0.1949640886518575E-04
    0.1893953874300058E-04
    0.1823120329245044E-04
    0.1759243900447414E-04
    0.1712609395637844E-04
    0.1667577990803488E-04
    0.1618915706122672E-04
    0.1567303293517379E-04
    0.1517516612135970E-04
    0.1478939353795811E-04
    0.1451734286004027E-04
    0.1424899362993187E-04
    0.1397490772406860E-04
    0.1378910019740818E-04
    0.1341583336890719E-04
  
    0.1748314422116581E-04
    0.1970616592247383E-04
    0.2123802936194869E-04
    0.2248308994219816E-04
    0.2336987585428150E-04
    0.2390754781755867E-04
    0.2415593268449689E-04
    0.2430752145165017E-04
    0.2512241545101577E-04
    0.2732912368517640E-04
    0.3120151508256861E-04
    0.3819651688426024E-04
    0.5235700582827628E-04
    0.7427497963189137E-04
    0.8981215873346309E-04
    0.1373644685947152E-03
    0.7383261840489906E-04
    0.6155213090134041E-04
    0.4825012836097177E-04
    0.3924602178785245E-04
    0.3349584131979810E-04
    0.2964283613402481E-04
    0.2670445982059074E-04
    0.2424994912889299E-04
    0.2216295888406358E-04
    0.2068453910861463E-04
    0.1992140001702419E-04
    0.1967380573269088E-04
    0.2241613812192652E-04
    0.2056136035567788E-04
    0.2018239934364700E-04
    0.1983221079602969E-04
    0.1911566187045545E-04
    0.2044254937073376E-04
    0.1902222441497267E-04
    0.1862351508091164E-04
    0.1813079136308489E-04
    0.1748301436238529E-04
    0.1686071324934939E-04
    0.1642961390334516E-04
    0.1605372893573266E-04
    0.1563783236005347E-04
    0.1517934528702639E-04
    0.1469239889123455E-04
    0.1426217994073218E-04
    0.1395974933704140E-04
    0.1372737433987787E-04
    0.1347477153933849E-04
    0.1329302436681197E-04
    0.1296996932402030E-04
  
    0.1841119809908717E-04
    0.2041521041751632E-04
    0.2157634133543594E-04
    0.2244683857500262E-04
    0.2298648970654563E-04
    0.2327036189932272E-04
    0.2339770859663721E-04
    0.2398338137747742E-04
    0.2582014794185485E-04
    0.2895261088967907E-04
    0.3360070829518908E-04
    0.4108060190509448E-04
    0.5042858698613980E-04
    0.5684365616667874E-04
    0.5500340742837964E-04
    0.7517848260650828E-04
    0.4794167302760482E-04
    0.4395100273825320E-04
    0.3909602383775005E-04
    0.3415213610469455E-04
    0.2999469415512971E-04
    0.2677234656103339E-04
    0.2427211743336814E-04
    0.2229311543047294E-04
    0.2066672519908966E-04
    0.1948806357045613E-04
    0.1890549877530995E-04
    0.1873716530450717E-04
    0.2126310404451426E-04
    0.1960629458076868E-04
    0.1930742636192685E-04
    0.1903794027250485E-04
    0.1837837938375883E-04
    0.1954553211604350E-04
    0.1822420680841676E-04
    0.1784429284452901E-04
    0.1740739935872631E-04
    0.1681666313233825E-04
    0.1620332078936198E-04
    0.1577626235614924E-04
    0.1547035591787302E-04
    0.1513074576401688E-04
    0.1474321588111724E-04
    0.1430484023557191E-04
    0.1385876202048546E-04
    0.1350868984948282E-04
    0.1326866012696961E-04
    0.1304800717114674E-04
    0.1286744540858594E-04
    0.1256566437605046E-04
  
    0.1917759819815814E-04
    0.2082998469503139E-04
    0.2163680757338248E-04
    0.2217397282403000E-04
    0.2245960081906730E-04
    0.2255697177454451E-04
    0.2290608241839821E-04
    0.2423650978911768E-04
    0.2663984201129674E-04
    0.2994169466632669E-04
    0.3439562551120446E-04
    0.3939737492427744E-04
    0.4255552520894829E-04
    0.4226020856689441E-04
    0.3865513448596934E-04
    0.5145293524807004E-04
    0.3641403051341046E-04
    0.3438787494072234E-04
    0.3168775449598855E-04
    0.2931940372131147E-04
    0.2668235911447139E-04
    0.2413773504133825E-04
    0.2206181079681602E-04
    0.2044289013623167E-04
    0.1914918367411458E-04
    0.1827979811455139E-04
    0.1786783176662327E-04
    0.1776749240993862E-04
    0.2011135019810106E-04
    0.1864136511722956E-04
    0.1841978555786981E-04
    0.1826406563280034E-04
    0.1770107723122427E-04
    0.1873767517928372E-04
    0.1751358357136369E-04
    0.1711824025748579E-04
    0.1672774849354235E-04
    0.1619887914818027E-04
    0.1560686367031417E-04
    0.1515495812389689E-04
    0.1487423555533111E-04
    0.1459982412482100E-04
    0.1428464463005699E-04
    0.1392446344779717E-04
    0.1350576717732930E-04
    0.1313214312095938E-04
    0.1285851020961938E-04
    0.1265294445958811E-04
    0.1249199959043156E-04
    0.1219184975364048E-04
  
    0.1966762100151827E-04
    0.2093711267387573E-04
    0.2142021871957991E-04
    0.2169000177539691E-04
    0.2174758274695593E-04
    0.2189395469633733E-04
    0.2275681540826543E-04
    0.2454043167438502E-04
    0.2701739292946535E-04
    0.3000709829989354E-04
    0.3307597735473184E-04
    0.3482220185236676E-04
    0.3477571178065052E-04
    0.3314368668218859E-04
    0.3010659019983967E-04
    0.3959010540506893E-04
    0.3011044526171029E-04
    0.2880386522920702E-04
    0.2677400306888055E-04
    0.2517084441013213E-04
    0.2363530524885376E-04
    0.2182211630242065E-04
    0.2016352000067782E-04
    0.1882490241719098E-04
    0.1773990862911169E-04
    0.1707981579746796E-04
    0.1684237596555891E-04
    0.1682892092404401E-04
    0.1901846895126499E-04
    0.1773337921280634E-04
    0.1758035443789700E-04
    0.1749807453018779E-04
    0.1702672808487601E-04
    0.1797542225404083E-04
    0.1687281857301349E-04
    0.1645508820636801E-04
    0.1609183735053199E-04
    0.1560836952498024E-04
    0.1505141133626542E-04
    0.1458117855413762E-04
    0.1429805660916022E-04
    0.1406671235705800E-04
    0.1380205715825347E-04
    0.1350926882994395E-04
    0.1315002170797814E-04
    0.1278327212967271E-04
    0.1248811902036427E-04
    0.1226978146529315E-04
    0.1213403892396064E-04
    0.1184160086722055E-04
  
    0.1987509948686889E-04
    0.2076128868867091E-04
    0.2094835722427469E-04
    0.2096800244516805E-04
    0.2097125557039687E-04
    0.2146466394908187E-04
    0.2274140298777475E-04
    0.2462653927700509E-04
    0.2685264076915324E-04
    0.2896034949573218E-04
    0.3009116911585330E-04
    0.2999660068340478E-04
    0.2915568216969351E-04
    0.2730916584174352E-04
    0.2513145028054553E-04
    0.3252313058554309E-04
    0.2606292648954870E-04
    0.2504011719227121E-04
    0.2341675826582994E-04
    0.2206322217522278E-04
    0.2089655036532408E-04
    0.1976411320858230E-04
    0.1860012040266976E-04
    0.1748035329754280E-04
    0.1653224648565652E-04
    0.1600005388309588E-04
    0.1585297812623646E-04
    0.1589744792995860E-04
    0.1796020446662808E-04
    0.1685556905654328E-04
    0.1678529482146308E-04
    0.1678718524264718E-04
    0.1639787006275239E-04
    0.1725877255528838E-04
    0.1628422520018072E-04
    0.1586814218618431E-04
    0.1553407257835397E-04
    0.1508013274069624E-04
    0.1455479027918580E-04
    0.1406951683960650E-04
    0.1375826266372927E-04
    0.1354609755081621E-04
    0.1332416144242824E-04
    0.1308060056182946E-04
    0.1278140965891807E-04
    0.1243479656884843E-04
    0.1212982363815632E-04
    0.1189390419456240E-04
    0.1176240727103637E-04
    0.1149815293535459E-04
  
    0.1980066369659052E-04
    0.2029001428059454E-04
    0.2022098834153567E-04
    0.2014076222995519E-04
    0.2037243588070313E-04
    0.2123712620432712E-04
    0.2267403957136176E-04
    0.2442952341515780E-04
    0.2603245168174940E-04
    0.2683731073452037E-04
    0.2671772436519594E-04
    0.2611364551797792E-04
    0.2520570819349006E-04
    0.2329853328612257E-04
    0.2196658149568817E-04
    0.2783848739719184E-04
    0.2314174487679331E-04
    0.2227580650122950E-04
    0.2089931981981394E-04
    0.1973399028071040E-04
    0.1867996715153505E-04
    0.1792690947997679E-04
    0.1719667150582808E-04
    0.1635147818771089E-04
    0.1553578725290756E-04
    0.1508330665730154E-04
    0.1497647653952070E-04
    0.1504208679144362E-04
    0.1696880765088261E-04
    0.1600689556353144E-04
    0.1599471379469386E-04
    0.1607898484643976E-04
    0.1578240682544528E-04
    0.1658474249223914E-04
    0.1572407250800214E-04
    0.1532472526071328E-04
    0.1502245324962752E-04
    0.1461167944493668E-04
    0.1413462199581449E-04
    0.1365245629428025E-04
    0.1330145871547077E-04
    0.1307533168452652E-04
    0.1287575714970482E-04
    0.1266664135978990E-04
    0.1242214994064791E-04
    0.1211345051596605E-04
    0.1180438149267126E-04
    0.1154660574275726E-04
    0.1139482075620072E-04
    0.1114395561421602E-04
  
    0.1943877116067817E-04
    0.1956845086166518E-04
    0.1940184793500968E-04
    0.1946370898440033E-04
    0.1999186131784493E-04
    0.2107175400484727E-04
    0.2248112423590606E-04
    0.2379120316844477E-04
    0.2443214641131133E-04
    0.2432830450454108E-04
    0.2387962768304552E-04
    0.2327535495083788E-04
    0.2215752576813782E-04
    0.2050316871219889E-04
    0.1980702453447486E-04
    0.2447677642803080E-04
    0.2086235211439193E-04
    0.2010398052303857E-04
    0.1893476201155023E-04
    0.1785882311956111E-04
    0.1699128526786851E-04
    0.1639635635984148E-04
    0.1589331173508808E-04
    0.1529193336346564E-04
    0.1469190700655780E-04
    0.1430767704734256E-04
    0.1423808500688754E-04
    0.1428341519907431E-04
    0.1607228107549214E-04
    0.1523877656877828E-04
    0.1526551618407856E-04
    0.1538271485257796E-04
    0.1515302928746778E-04
    0.1591504744714128E-04
    0.1517079239769597E-04
    0.1480363701043856E-04
    0.1452504354637436E-04
    0.1416181606627607E-04
    0.1373265795147952E-04
    0.1328562292566225E-04
    0.1292398743783192E-04
    0.1267715380828080E-04
    0.1248375638306310E-04
    0.1229382966020116E-04
    0.1208601731615972E-04
    0.1181895509754092E-04
    0.1152352804828892E-04
    0.1125070183194663E-04
    0.1107894407584771E-04
    0.1081305971779187E-04
  
    0.1881860323195072E-04
    0.1877442050466397E-04
    0.1868294433545990E-04
    0.1896658547397828E-04
    0.1974869201475866E-04
    0.2087956744436725E-04
    0.2198158051371221E-04
    0.2254798792909724E-04
    0.2249546897395347E-04
    0.2214695108097961E-04
    0.2169221993356260E-04
    0.2102308751393036E-04
    0.1974136961383833E-04
    0.1852477818249490E-04
    0.1820255648332413E-04
    0.2190835435873851E-04
    0.1900063622562399E-04
    0.1832099533542843E-04
    0.1731527466424235E-04
    0.1634779694212099E-04
    0.1565220788525616E-04
    0.1518658161966980E-04
    0.1476591838926300E-04
    0.1430342677159419E-04
    0.1387687225796673E-04
    0.1363096849998888E-04
    0.1359679575214262E-04
    0.1362868961027111E-04
    0.1529376483281359E-04
    0.1455653092545971E-04
    0.1460131840394149E-04
    0.1475545613631391E-04
    0.1456790500935170E-04
    0.1526102431066702E-04
    0.1460052515701425E-04
    0.1428621347791766E-04
    0.1403154308762523E-04
    0.1371673653274280E-04
    0.1332990194743548E-04
    0.1293144865369564E-04
    0.1257389456603228E-04
    0.1231106843707309E-04
    0.1212671175924514E-04
    0.1196248568823156E-04
    0.1178834847972539E-04
    0.1155923670632868E-04
    0.1128422190129601E-04
    0.1100414261706835E-04
    0.1081491045373942E-04
    0.1052914946455571E-04
  
    0.1809622501123313E-04
    0.1803251120138171E-04
    0.1811272979395641E-04
    0.1866071316560437E-04
    0.1954415243693020E-04
    0.2047570575329070E-04
    0.2099686130033724E-04
    0.2100598824572863E-04
    0.2074224727839712E-04
    0.2041515899147586E-04
    0.1993281283043374E-04
    0.1907461907972711E-04
    0.1786570091162683E-04
    0.1708286137908138E-04
    0.1689659763150804E-04
    0.1984279349692232E-04
    0.1744116745815760E-04
    0.1680930239209230E-04
    0.1592878422243410E-04
    0.1512356249810886E-04
    0.1457805307031035E-04
    0.1418490531480449E-04
    0.1381881544888293E-04
    0.1344172190735089E-04
    0.1311112339197306E-04
    0.1297337630215180E-04
    0.1300313418597704E-04
    0.1303304199838623E-04
    0.1460065002483491E-04
    0.1396799156983400E-04
    0.1402879803551466E-04
    0.1418269855672439E-04
    0.1402894565580697E-04
    0.1467514641510762E-04
    0.1406063742765566E-04
    0.1377337492697216E-04
    0.1352941932589464E-04
    0.1325803851077594E-04
    0.1291121778836222E-04
    0.1257243994725515E-04
    0.1224305412312947E-04
    0.1197071953125983E-04
    0.1177752972431077E-04
    0.1163223228338104E-04
    0.1149887984522527E-04
    0.1132118064587236E-04
    0.1108251903920944E-04
    0.1081092280402375E-04
    0.1060484970472680E-04
    0.1029437116158232E-04
  
    0.1739983930973148E-04
    0.1744279085357877E-04
    0.1776264109953424E-04
    0.1842272966477200E-04
    0.1919251717442131E-04
    0.1967782914984068E-04
    0.1975706854539336E-04
    0.1958905464022283E-04
    0.1939031466202416E-04
    0.1902400233441686E-04
    0.1844724367746650E-04
    0.1745562989582682E-04
    0.1647770070891173E-04
    0.1599550532799050E-04
    0.1580463659630393E-04
    0.1818118213923172E-04
    0.1614933178486248E-04
    0.1554529984449483E-04
    0.1477365090651145E-04
    0.1415285589594885E-04
    0.1372846307624088E-04
    0.1336268083293323E-04
    0.1303903963528034E-04
    0.1271713084885708E-04
    0.1246297758360230E-04
    0.1238185276855485E-04
    0.1245325509929100E-04
    0.1248833096837890E-04
    0.1398210666207162E-04
    0.1345076928566657E-04
    0.1355448786578309E-04
    0.1371828198142693E-04
    0.1357167833007838E-04
    0.1416986965999568E-04
    0.1359123907407980E-04
    0.1332589892124824E-04
    0.1307843438643558E-04
    0.1282127709572960E-04
    0.1249541258825971E-04
    0.1220217393711711E-04
    0.1191976707981343E-04
    0.1166459715298198E-04
    0.1146638950064588E-04
    0.1132797463571568E-04
    0.1122003271989837E-04
    0.1108913949213140E-04
    0.1089662615122205E-04
    0.1065686981886391E-04
    0.1045267358982592E-04
    0.1012161862893259E-04
  
    0.1662151535018481E-04
    0.1693662583142247E-04
    0.1737090714651755E-04
    0.1791722419700591E-04
    0.1829996668382479E-04
    0.1839598537212814E-04
    0.1830556049239588E-04
    0.1816442675490692E-04
    0.1787944133695340E-04
    0.1739719500500593E-04
    0.1663253697963481E-04
    0.1572604700491543E-04
    0.1509931783956576E-04
    0.1473850570066057E-04
    0.1449610793812099E-04
    0.1630628754832788E-04
    0.1463191724345358E-04
    0.1409841869152479E-04
    0.1350403531103959E-04
    0.1308038677942205E-04
    0.1275485907134957E-04
    0.1243069109537180E-04
    0.1215159393485695E-04
    0.1188045312639511E-04
    0.1169455851564645E-04
    0.1168865355446644E-04
    0.1176265184001692E-04
    0.1178204326950306E-04
    0.1317228828973305E-04
    0.1275952173995776E-04
    0.1290374626238468E-04
    0.1311361101221752E-04
    0.1302135682722852E-04
    0.1356721008136395E-04
    0.1302466541819487E-04
    0.1278631623745990E-04
    0.1253713875386275E-04
    0.1228342782069931E-04
    0.1197927022143821E-04
    0.1170076537297897E-04
    0.1146181126608172E-04
    0.1122897000780994E-04
    0.1102860441706952E-04
    0.1088948290090862E-04
    0.1080352695124308E-04
    0.1072334829069470E-04
    0.1058910412695794E-04
    0.1039908428004146E-04
    0.1023003345148055E-04
    0.9910643243832167E-05
  
  
