    0.2591775646127331E-08
    0.2592374272406278E-08
    0.2592890167979785E-08
    0.2593432478101795E-08
    0.2593993698499010E-08
    0.2594574359835691E-08
    0.2595174038359146E-08
    0.2595791469201584E-08
    0.2596424382400003E-08
    0.2597070116713886E-08
    0.2597735741855717E-08
    0.2598599522389454E-08
    0.2602271765804270E-08
    0.2640789903344452E-08
    0.3040265774253202E-08
    0.6479417095037528E-08
    0.3035213674238040E-07
    0.1641344310743331E-06
    0.7918033263323672E-06
    0.2622925002221549E-05
    0.5348736853536561E-05
    0.7407296103984853E-05
    0.8426997126041089E-05
    0.8163570345300264E-05
    0.6755789778214419E-05
    0.5117326894364186E-05
    0.3952713276031448E-05
    0.3528351685526222E-05
    0.6331313086660516E-05
    0.1991779295306127E-04
    0.3339976511672294E-04
    0.3730530532161977E-04
    0.3399084727317916E-04
    0.4026304151379169E-04
    0.6472040199820238E-04
    0.1035256086647808E-03
    0.1297193684690719E-03
    0.1343313907717865E-03
    0.1269014873407184E-03
    0.1225955081905175E-03
    0.1284489428627706E-03
    0.1376459360551237E-03
    0.1455814062768341E-03
    0.1459200514525752E-03
    0.1398496773179660E-03
    0.1302795466149040E-03
    0.1205068979910566E-03
    0.1130788832530427E-03
    0.1068327276466399E-03
    0.9867413802756806E-04
  
    0.2591775686195562E-08
    0.2592374312474179E-08
    0.2592890208047453E-08
    0.2593432518169250E-08
    0.2593993738566294E-08
    0.2594574399903336E-08
    0.2595174078441969E-08
    0.2595791509698350E-08
    0.2596424433192268E-08
    0.2597070400682778E-08
    0.2597740776225399E-08
    0.2598690258336612E-08
    0.2603705189461849E-08
    0.2660055856442676E-08
    0.3254629983840820E-08
    0.8399514792498817E-08
    0.4393656067394221E-07
    0.2402390261520761E-06
    0.1133563746970894E-05
    0.3410304308479613E-05
    0.6336325148704232E-05
    0.8182400020681299E-05
    0.8943487069131335E-05
    0.8214881723685419E-05
    0.6529188004130960E-05
    0.4898698082303331E-05
    0.3913189478024066E-05
    0.3781275389404595E-05
    0.8393916616392877E-05
    0.2632094119974296E-04
    0.3978072203630338E-04
    0.4277943016501681E-04
    0.4190086572467066E-04
    0.5900271027271722E-04
    0.1001559618268879E-03
    0.1427806730673261E-03
    0.1572817352899991E-03
    0.1524088849054051E-03
    0.1427335432524522E-03
    0.1460271847732613E-03
    0.1552166914226364E-03
    0.1653054219342951E-03
    0.1668885618661913E-03
    0.1603852322323213E-03
    0.1493286662090195E-03
    0.1366470182036535E-03
    0.1270307344008153E-03
    0.1193739743013658E-03
    0.1114318702481415E-03
    0.1015356900242444E-03
  
    0.2591775721827117E-08
    0.2592374348097606E-08
    0.2592890243664935E-08
    0.2593432553781102E-08
    0.2593993774173033E-08
    0.2594574435505927E-08
    0.2595174114055208E-08
    0.2595791545722138E-08
    0.2596424479872216E-08
    0.2597070696970078E-08
    0.2597746324041444E-08
    0.2598793483104900E-08
    0.2605382079885456E-08
    0.2683137376980286E-08
    0.3515968178911031E-08
    0.1075886444119186E-07
    0.6056320202192659E-07
    0.3322171169003658E-06
    0.1515517973192681E-05
    0.4178422913131933E-05
    0.7151800276103061E-05
    0.8817434083234054E-05
    0.9279672781041097E-05
    0.8164109945262640E-05
    0.6325865696338508E-05
    0.4783770763166665E-05
    0.3967818384730170E-05
    0.4179921649677983E-05
    0.1106462057931506E-04
    0.3277954963249921E-04
    0.4622489249166913E-04
    0.4936306153343019E-04
    0.5522996859504867E-04
    0.8873229521055772E-04
    0.1411819126876323E-03
    0.1731289100187856E-03
    0.1789157288554149E-03
    0.1687140229776798E-03
    0.1640362924122689E-03
    0.1718053899223138E-03
    0.1818226043150115E-03
    0.1864862861317478E-03
    0.1814123227438011E-03
    0.1696956359279320E-03
    0.1547786605258558E-03
    0.1427132092548551E-03
    0.1332955040908700E-03
    0.1239940298700522E-03
    0.1146433435999688E-03
    0.1045655259062608E-03
  
    0.2591775760840447E-08
    0.2592374386936026E-08
    0.2592890282369353E-08
    0.2593432592354600E-08
    0.2593993812622956E-08
    0.2594574473840490E-08
    0.2595174152299102E-08
    0.2595791584356419E-08
    0.2596424531373014E-08
    0.2597071060448500E-08
    0.2597753435953234E-08
    0.2598929481056120E-08
    0.2607646318108727E-08
    0.2714975597636759E-08
    0.3882256503430364E-08
    0.1409026916967617E-07
    0.8395415422460280E-07
    0.4606812789998634E-06
    0.2003580743528075E-05
    0.5059373368667823E-05
    0.7982368226888189E-05
    0.9461165450198443E-05
    0.9543862633586470E-05
    0.8057769194714294E-05
    0.6123708315425418E-05
    0.4739993257030484E-05
    0.4143623935967749E-05
    0.4786591496778768E-05
    0.1483661056897458E-04
    0.4046392645475723E-04
    0.5448093926253214E-04
    0.6024299889398569E-04
    0.8106160376735231E-04
    0.1328339499232927E-03
    0.1824863320886366E-03
    0.2041496107907879E-03
    0.2036830633347004E-03
    0.1910937082089444E-03
    0.1930813014189447E-03
    0.2008255416431484E-03
    0.2083129832941626E-03
    0.2059247029327402E-03
    0.1940198572978051E-03
    0.1775691719140211E-03
    0.1627107539198002E-03
    0.1509785858636303E-03
    0.1402650205837623E-03
    0.1295679277836335E-03
    0.1197758975719750E-03
    0.1107081743534835E-03
  
    0.2591775835582888E-08
    0.2592374458426560E-08
    0.2592890351233256E-08
    0.2593432658558824E-08
    0.2593993876214690E-08
    0.2594574534884226E-08
    0.2595174210898367E-08
    0.2595791641161456E-08
    0.2596424601356367E-08
    0.2597071511141679E-08
    0.2597762414580510E-08
    0.2599106126040819E-08
    0.2610667087489192E-08
    0.2758460489563201E-08
    0.4391524009197235E-08
    0.1876137874167607E-07
    0.1166075817699696E-06
    0.6394616303004224E-06
    0.2609972161211000E-05
    0.6038386559771611E-05
    0.8805788673649030E-05
    0.1008112521576114E-04
    0.9721660621752813E-05
    0.7910699898771965E-05
    0.5957370249688856E-05
    0.4810195686973773E-05
    0.4497225087605033E-05
    0.5638197679713746E-05
    0.2004227033145734E-04
    0.4968035873228709E-04
    0.6592210399028318E-04
    0.8078614281875163E-04
    0.1251769126339929E-03
    0.1837514295724006E-03
    0.2254964830520500E-03
    0.2426609955594952E-03
    0.2303474661712765E-03
    0.2219102755014856E-03
    0.2230095218117071E-03
    0.2317633340011262E-03
    0.2335884389489845E-03
    0.2232226663590651E-03
    0.2065305184821603E-03
    0.1883487323917857E-03
    0.1737502129703134E-03
    0.1611223068237315E-03
    0.1485329465065709E-03
    0.1370370657487910E-03
    0.1279131331966617E-03
    0.1188509356040373E-03
  
    0.2591776691213789E-08
    0.2592375265302816E-08
    0.2592891115964256E-08
    0.2593433378612447E-08
    0.2593994550210418E-08
    0.2594575161773559E-08
    0.2595174790085846E-08
    0.2595792173104728E-08
    0.2596425103863913E-08
    0.2597072432172899E-08
    0.2597773990970140E-08
    0.2599334510360019E-08
    0.2614680785107883E-08
    0.2817712516869173E-08
    0.5099068594187197E-08
    0.2531316854651344E-07
    0.1621536621782869E-06
    0.8881677769351378E-06
    0.3347308008840021E-05
    0.7092152587717977E-05
    0.9632337754594008E-05
    0.1066069460158023E-04
    0.9816973252048823E-05
    0.7745365098634701E-05
    0.5871519733839756E-05
    0.5050822280139798E-05
    0.5088279374840462E-05
    0.6756916377709693E-05
    0.2717034235791266E-04
    0.6130587073179241E-04
    0.8382849218984056E-04
    0.1214006190868090E-03
    0.1857215631822191E-03
    0.2384621317249344E-03
    0.2805365016561960E-03
    0.2789267238174457E-03
    0.2623803235571304E-03
    0.2511470659963108E-03
    0.2566534032130658E-03
    0.2651387503965895E-03
    0.2590791948219682E-03
    0.2441833237762099E-03
    0.2224798792916657E-03
    0.2038263905906954E-03
    0.1881880096396727E-03
    0.1723217876534025E-03
    0.1580164066037570E-03
    0.1461437637162387E-03
    0.1359763521228068E-03
    0.1246737878987323E-03
  
    0.2591793528150458E-08
    0.2592391627286548E-08
    0.2592907011100961E-08
    0.2593448736148593E-08
    0.2594009309095419E-08
    0.2594589263191405E-08
    0.2595188179852118E-08
    0.2595804802180913E-08
    0.2596436950694194E-08
    0.2597083999195331E-08
    0.2597798005658841E-08
    0.2599636324595927E-08
    0.2619997649823485E-08
    0.2898255545747326E-08
    0.6081485137214038E-08
    0.3450936031324070E-07
    0.2256475145705659E-06
    0.1227430487668620E-05
    0.4228541028368153E-05
    0.8190637232815598E-05
    0.1048153109918709E-04
    0.1118494132924840E-04
    0.9838981283943706E-05
    0.7594281361883362E-05
    0.5931975007854012E-05
    0.5529966324525061E-05
    0.5970005667506554E-05
    0.8169903603827033E-05
    0.3691687943723554E-04
    0.7755387861975258E-04
    0.1181551058618889E-03
    0.1872461842610980E-03
    0.2559766124424597E-03
    0.3119267852216381E-03
    0.3321474709464800E-03
    0.3130395956034873E-03
    0.2903523207806717E-03
    0.2834101808285343E-03
    0.3007410899455165E-03
    0.3038180984581494E-03
    0.2934925807139678E-03
    0.2689423049931118E-03
    0.2441704021635701E-03
    0.2229172536406671E-03
    0.2010944053406700E-03
    0.1818129117998754E-03
    0.1656494148550858E-03
    0.1517229199005019E-03
    0.1393340105866191E-03
    0.1262787711581994E-03
  
    0.2592102863559573E-08
    0.2592702209790111E-08
    0.2593217122208091E-08
    0.2593757217629997E-08
    0.2594314876909709E-08
    0.2594890555934582E-08
    0.2595483859373630E-08
    0.2596093431954511E-08
    0.2596717129069576E-08
    0.2597354966389681E-08
    0.2598074132933145E-08
    0.2600255744829134E-08
    0.2627221723585344E-08
    0.3007708061536255E-08
    0.7445722738093464E-08
    0.4743824893244961E-07
    0.3143028886681373E-06
    0.1680114209644920E-05
    0.5266559359447112E-05
    0.9315754593591108E-05
    0.1136287622482468E-04
    0.1161963016738424E-04
    0.9809089109408954E-05
    0.7509588378373354E-05
    0.6229197018574213E-05
    0.6317665995148533E-05
    0.7181916511110078E-05
    0.1000308615988763E-04
    0.5013977044438737E-04
    0.1041789457329239E-03
    0.1821576033814534E-03
    0.2759939775334191E-03
    0.3536611412636353E-03
    0.3826470086774961E-03
    0.3675975016711951E-03
    0.3397660761922247E-03
    0.3184800313885992E-03
    0.3408038372643360E-03
    0.3604741669169557E-03
    0.3594867823041864E-03
    0.3330484229152644E-03
    0.2975532198116335E-03
    0.2653916956510635E-03
    0.2340551578519885E-03
    0.2074035431964345E-03
    0.1855168453233891E-03
    0.1672407067160978E-03
    0.1515207888810421E-03
    0.1382120114306536E-03
    0.1244906431180336E-03
  
    0.2597105526866181E-08
    0.2597888807227939E-08
    0.2598540987229948E-08
    0.2599208963246626E-08
    0.2599882356070349E-08
    0.2600556553714517E-08
    0.2601231209485896E-08
    0.2601902039267986E-08
    0.2602564682005948E-08
    0.2603217669625692E-08
    0.2603944171365163E-08
    0.2606535949042090E-08
    0.2642125490499786E-08
    0.3161240689496456E-08
    0.9346261489496545E-08
    0.6566438028697262E-07
    0.4385890322248886E-06
    0.2274355665134091E-05
    0.6471320828237656E-05
    0.1046421013515161E-04
    0.1225903769602275E-04
    0.1196937311251918E-04
    0.9772289537543220E-05
    0.7578404609979245E-05
    0.6846643550857106E-05
    0.7483829360737091E-05
    0.8812372358269625E-05
    0.1254992843495951E-04
    0.6859908220065576E-04
    0.1569633078573802E-03
    0.2826460673448389E-03
    0.4058932437989914E-03
    0.4480959886707977E-03
    0.4140727252049107E-03
    0.3902082474105611E-03
    0.3667743893571576E-03
    0.3919064376319040E-03
    0.4321361886452665E-03
    0.4476034006266054E-03
    0.4197862106355572E-03
    0.3657180039613508E-03
    0.3153035800233812E-03
    0.2704916702147312E-03
    0.2341803520592088E-03
    0.2057845248939013E-03
    0.1828694053111705E-03
    0.1638554218236107E-03
    0.1479518600503194E-03
    0.1344416847065774E-03
    0.1204493179212440E-03
  
    0.2666460533775650E-08
    0.2672099353604406E-08
    0.2676805728198204E-08
    0.2681704918207710E-08
    0.2686683466159758E-08
    0.2691726974227378E-08
    0.2696809756122062E-08
    0.2701900827895236E-08
    0.2706957139855418E-08
    0.2711981317839165E-08
    0.2717000664981189E-08
    0.2724266901293483E-08
    0.2775169018264110E-08
    0.3485925829535253E-08
    0.1210970356852458E-07
    0.9154960114619493E-07
    0.6139648282634706E-06
    0.3042974664066079E-05
    0.7848936758596628E-05
    0.1163508854532064E-04
    0.1314568323674819E-04
    0.1224893251341226E-04
    0.9791433587892807E-05
    0.7921679761661389E-05
    0.7865797204542025E-05
    0.9106193700529709E-05
    0.1115720510753769E-04
    0.1614846501696959E-04
    0.9772989390249028E-04
    0.2547624889076584E-03
    0.4409783550759428E-03
    0.5346304045318938E-03
    0.4669995535590130E-03
    0.4298359838649833E-03
    0.4211982015531525E-03
    0.4546326308609381E-03
    0.5196294106736302E-03
    0.5611184820261753E-03
    0.5355081989184166E-03
    0.4504861746950227E-03
    0.3733730298739114E-03
    0.3106293632841468E-03
    0.2627683387706318E-03
    0.2272226044647659E-03
    0.1995417980996965E-03
    0.1772927265319405E-03
    0.1588496328714430E-03
    0.1429320822366417E-03
    0.1291285024553007E-03
    0.1146734815632826E-03
  
    0.3462868852633268E-08
    0.3550440767308018E-08
    0.3628059653957392E-08
    0.3712929740564890E-08
    0.3804098197844685E-08
    0.3902120632972164E-08
    0.4007482461576753E-08
    0.4120734386577713E-08
    0.4242489321170936E-08
    0.4373442233122702E-08
    0.4514502503644674E-08
    0.4669534210490628E-08
    0.4894406608696460E-08
    0.6031887170684775E-08
    0.1824176521464423E-07
    0.1307279221853465E-06
    0.8657873528611366E-06
    0.4024074911114195E-05
    0.9378121078984196E-05
    0.1285525874970225E-04
    0.1401064172593988E-04
    0.1249846758059088E-04
    0.9971030627194738E-05
    0.8672425681042213E-05
    0.9403996588089797E-05
    0.1143101045928583E-04
    0.1460180501303433E-04
    0.2106967783884314E-04
    0.1536711693699584E-03
    0.4237770423027301E-03
    0.6030918962112836E-03
    0.5573902964863505E-03
    0.4544500101347664E-03
    0.4534976619057656E-03
    0.5036634145962319E-03
    0.6088574380660794E-03
    0.6997892663982624E-03
    0.6883807884340635E-03
    0.5608053843676291E-03
    0.4445966792263816E-03
    0.3571352620064158E-03
    0.2956090806120912E-03
    0.2522926656340759E-03
    0.2195642630164885E-03
    0.1936410072058853E-03
    0.1718523137864138E-03
    0.1526258977244382E-03
    0.1355561270203092E-03
    0.1206933850132446E-03
    0.1050940668900417E-03
  
    0.1065072352189158E-07
    0.1170446144644499E-07
    0.1268370231124378E-07
    0.1379533272991033E-07
    0.1504029098823460E-07
    0.1643834977702599E-07
    0.1801142980586017E-07
    0.1978628857395869E-07
    0.2179534191696810E-07
    0.2407799463862405E-07
    0.2668281925566074E-07
    0.2967365289834208E-07
    0.3319839605137922E-07
    0.3850280568211510E-07
    0.5995971830235480E-07
    0.2245951376288669E-06
    0.1270893242773793E-05
    0.5301808146043174E-05
    0.1108299867190967E-04
    0.1423918485896312E-04
    0.1492660709221602E-04
    0.1289033733948866E-04
    0.1058460027032380E-04
    0.1016090104254606E-04
    0.1188493455752438E-04
    0.1529484587847938E-04
    0.1989100854597546E-04
    0.2814111047399905E-04
    0.2748268029485508E-03
    0.5971608002425222E-03
    0.5989152995766567E-03
    0.4901432303247488E-03
    0.4098713573444183E-03
    0.4854408040053255E-03
    0.6707620212248050E-03
    0.8698926665325989E-03
    0.9095305820562791E-03
    0.7199707628766510E-03
    0.5412927640341045E-03
    0.4208085546461874E-03
    0.3424005713993232E-03
    0.2881954903438216E-03
    0.2472310633727338E-03
    0.2143341987561473E-03
    0.1863249988991803E-03
    0.1617771639056037E-03
    0.1405238736201538E-03
    0.1222702763407519E-03
    0.1069225213018933E-03
    0.9179794405647297E-04
  
    0.5714492327787251E-07
    0.6569947762350060E-07
    0.7394962573709172E-07
    0.8361221793634977E-07
    0.9482732675038900E-07
    0.1078966333268097E-06
    0.1231436126168419E-06
    0.1409980951435642E-06
    0.1620245014955219E-06
    0.1869457889361174E-06
    0.2167072507898913E-06
    0.2525637140361568E-06
    0.2961600327446899E-06
    0.3511304397710280E-06
    0.4404443062993915E-06
    0.7498104808681340E-06
    0.2334950792356984E-05
    0.7486488503595280E-05
    0.1369341250281236E-04
    0.1677766325571568E-04
    0.1716749561641424E-04
    0.1533943892089243E-04
    0.1442910550323786E-04
    0.1663183248889013E-04
    0.2248785655222389E-04
    0.3282148060847309E-04
    0.4987316442254076E-04
    0.8797967149200818E-04
    0.5818089530647062E-03
    0.5845891042958378E-03
    0.5264387680871549E-03
    0.4536188805910949E-03
    0.3865885678748501E-03
    0.6330600599195843E-03
    0.1107192926200021E-02
    0.1281119571011123E-02
    0.9931917484536201E-03
    0.7058908482858068E-03
    0.5289073447577179E-03
    0.4185424295851493E-03
    0.3426275698947220E-03
    0.2851865418477487E-03
    0.2395066242370324E-03
    0.2014046370038090E-03
    0.1695084304910636E-03
    0.1434746046544513E-03
    0.1225324809575284E-03
    0.1059703080777645E-03
    0.9300821434671247E-04
    0.8118923293438467E-04
  
    0.1823919290550797E-06
    0.2057015758715885E-06
    0.2275578302339110E-06
    0.2525941885648666E-06
    0.2809968322399940E-06
    0.3136108647595211E-06
    0.3515343637576804E-06
    0.3962076850749015E-06
    0.4495021562015353E-06
    0.5134890008884443E-06
    0.5904041646839651E-06
    0.6833903488080039E-06
    0.7973388075823812E-06
    0.9406299712182441E-06
    0.1150979976069980E-05
    0.1701518709276320E-05
    0.4092506900800969E-05
    0.1060570010890405E-04
    0.1724696968013302E-04
    0.2060086598757501E-04
    0.2128244833191285E-04
    0.2115977778900511E-04
    0.2396414774979230E-04
    0.3228171129616580E-04
    0.4821628907365361E-04
    0.7651489901127962E-04
    0.1256107382883619E-03
    0.1671077498227658E-03
    0.2380289185842386E-03
    0.2064647122492585E-03
    0.2178110653171364E-03
    0.2107434098970371E-03
    0.2138478873867042E-03
    0.1077613425108228E-02
    0.1781938616314896E-02
    0.1354244758897966E-02
    0.8783360479516736E-03
    0.6184266944249150E-03
    0.4682055260086446E-03
    0.3683686924423669E-03
    0.2955681028380811E-03
    0.2399071710168852E-03
    0.1961315936721255E-03
    0.1621296399753396E-03
    0.1362477771655752E-03
    0.1166172151945109E-03
    0.1017664401254929E-03
    0.9051285247455273E-04
    0.8192311199654335E-04
    0.7383897139948481E-04
  
    0.3487953474261038E-06
    0.3905602939353877E-06
    0.4310193354424319E-06
    0.4787151585400534E-06
    0.5343141949185541E-06
    0.5993604118690860E-06
    0.6755555295326304E-06
    0.7647474045378887E-06
    0.8694342951185488E-06
    0.9931502026646124E-06
    0.1140725263913560E-05
    0.1319196057548032E-05
    0.1538676583218365E-05
    0.1818503911711168E-05
    0.2230129516090915E-05
    0.3199733420345346E-05
    0.6863478876835175E-05
    0.1524327149007897E-04
    0.2273263302494402E-04
    0.2719678672533923E-04
    0.2938614147116565E-04
    0.3272221644703222E-04
    0.4140336562197164E-04
    0.5960909840163101E-04
    0.9260516137658061E-04
    0.1445569987516679E-03
    0.1833244126202417E-03
    0.1702561124728987E-03
    0.2285065195122479E-03
    0.1806911873250881E-03
    0.2202986061440460E-03
    0.2634020126467926E-03
    0.4250992801864806E-03
    0.3424299351502374E-02
    0.2176025549886752E-02
    0.1331362910951869E-02
    0.8764415058111094E-03
    0.6118819192909921E-03
    0.4471375025556809E-03
    0.3410155627985771E-03
    0.2697301871980634E-03
    0.2194623834110773E-03
    0.1826598753514117E-03
    0.1550758164041391E-03
    0.1338031217212322E-03
    0.1170980786324985E-03
    0.1039965056152775E-03
    0.9342782267774526E-04
    0.8491268499152786E-04
    0.7668857033548444E-04
  
    0.5689222000400992E-06
    0.6418166185624105E-06
    0.7111598425354761E-06
    0.7911042399018358E-06
    0.8821426903077069E-06
    0.9857679220518264E-06
    0.1103994417047402E-05
    0.1239516342217185E-05
    0.1396970697269276E-05
    0.1585457398621739E-05
    0.1822101354014967E-05
    0.2133598310393290E-05
    0.2556114010313708E-05
    0.3148523515424330E-05
    0.4041633129902060E-05
    0.5873119394676885E-05
    0.1156437203674445E-04
    0.2227169548247529E-04
    0.3075970309717254E-04
    0.3646550751763549E-04
    0.4087065510459190E-04
    0.4890598822721543E-04
    0.6569899658013060E-04
    0.9857212773910935E-04
    0.1477681493338963E-03
    0.1830093120417212E-03
    0.1779595136301163E-03
    0.1553982778415857E-03
    0.2407055208606967E-03
    0.1996232725747575E-03
    0.2575265689498796E-03
    0.4028752798417898E-03
    0.5857210686727539E-03
    0.9665494932028272E-03
    0.6853543958645661E-03
    0.5467347381628898E-03
    0.4245014935341861E-03
    0.3404700999352767E-03
    0.2811273990633630E-03
    0.2357668690709122E-03
    0.2000875727467292E-03
    0.1724515280841888E-03
    0.1511620110592795E-03
    0.1343375299633822E-03
    0.1204489740724162E-03
    0.1087047543204717E-03
    0.9853758614744144E-04
    0.8978118605668170E-04
    0.8238202908670555E-04
    0.7498938501715379E-04
  
    0.8416307796724126E-06
    0.9400906615682803E-06
    0.1029532709378481E-05
    0.1129755778388564E-05
    0.1241985031360611E-05
    0.1372425241066048E-05
    0.1530229536449854E-05
    0.1730908519505662E-05
    0.1993321371855013E-05
    0.2342930302324038E-05
    0.2813225419406505E-05
    0.3447186747895385E-05
    0.4302222868779744E-05
    0.5452788444597936E-05
    0.7036327482840710E-05
    0.9924979119207704E-05
    0.1793745357828603E-04
    0.3075691246583075E-04
    0.4023221654502158E-04
    0.4745605328602186E-04
    0.5494948764601199E-04
    0.6885036360283722E-04
    0.9881147172437466E-04
    0.1439584912583157E-03
    0.1759746951224852E-03
    0.1776055877198329E-03
    0.1584775190592053E-03
    0.1644225157723933E-03
    0.2586886227430545E-03
    0.2481797116756926E-03
    0.3336495699032319E-03
    0.4420933444230542E-03
    0.4523537883855847E-03
    0.6158035589645579E-03
    0.4176846959881854E-03
    0.4115368478963114E-03
    0.3578338909402684E-03
    0.2982053205370560E-03
    0.2518601501624671E-03
    0.2168466407044907E-03
    0.1881467799101424E-03
    0.1641932488326480E-03
    0.1450193867365594E-03
    0.1298070961377018E-03
    0.1176050097701721E-03
    0.1073651465281551E-03
    0.9821614421662154E-04
    0.9006467547410499E-04
    0.8269168828773270E-04
    0.7500564870931035E-04
  
    0.1071441020054685E-05
    0.1180432442632580E-05
    0.1288323462781987E-05
    0.1423003271427991E-05
    0.1594353266994135E-05
    0.1814530885918409E-05
    0.2100992557323572E-05
    0.2475539522693771E-05
    0.2967431714603346E-05
    0.3611597028004112E-05
    0.4447237583633475E-05
    0.5510021418757010E-05
    0.6833077286655835E-05
    0.8459826838236652E-05
    0.1058628376159621E-04
    0.1456846535803610E-04
    0.2539072785412580E-04
    0.4025957810930200E-04
    0.5095079958485157E-04
    0.5965303966069788E-04
    0.7160337007886710E-04
    0.9695143676524264E-04
    0.1374149739640853E-03
    0.1680791256898512E-03
    0.1739096342813119E-03
    0.1609463583897359E-03
    0.1596049266779751E-03
    0.1855674922426650E-03
    0.2825095676923871E-03
    0.3000353811665271E-03
    0.3461114100381813E-03
    0.3456975410727964E-03
    0.3152635555987185E-03
    0.4552760484614434E-03
    0.3045350425521195E-03
    0.2842267178344515E-03
    0.2804825707748905E-03
    0.2553526955022990E-03
    0.2226072053490487E-03
    0.1945196212774599E-03
    0.1733096570708852E-03
    0.1560894346707682E-03
    0.1407668236977869E-03
    0.1274352889589232E-03
    0.1159663962220567E-03
    0.1061609265676315E-03
    0.9766037463293120E-04
    0.8978889936856321E-04
    0.8258157855877729E-04
    0.7462691787064379E-04
  
    0.1282348522075858E-05
    0.1450798952757258E-05
    0.1632985036687189E-05
    0.1868352593771330E-05
    0.2170317338369050E-05
    0.2559008366982177E-05
    0.3056879516222612E-05
    0.3687270121600429E-05
    0.4471378377638805E-05
    0.5433759089311324E-05
    0.6588724134416936E-05
    0.7955797901118115E-05
    0.9593178989079903E-05
    0.1161545649469001E-04
    0.1434224789049469E-04
    0.1982633641305271E-04
    0.3411870002116685E-04
    0.5057284956289655E-04
    0.6233916201081683E-04
    0.7422018394380225E-04
    0.9536851607997163E-04
    0.1303738909168263E-03
    0.1611340204223933E-03
    0.1701331843019545E-03
    0.1622653179684346E-03
    0.1587424171914131E-03
    0.1747077891445229E-03
    0.2115025957195953E-03
    0.3040234685078220E-03
    0.3027803847873530E-03
    0.2889335273446070E-03
    0.2536450205540464E-03
    0.2446868341432391E-03
    0.3525841620174229E-03
    0.2501694474415764E-03
    0.2205854413458227E-03
    0.2112922127922935E-03
    0.2058259569825716E-03
    0.1894824816274803E-03
    0.1708506151509042E-03
    0.1553212792230413E-03
    0.1430949952803663E-03
    0.1328438433909532E-03
    0.1233996536032944E-03
    0.1140492670250935E-03
    0.1048941220612417E-03
    0.9625157305953422E-04
    0.8837298230472575E-04
    0.8118024680252256E-04
    0.7333725151010679E-04
  
    0.1626264115774041E-05
    0.1911280586297000E-05
    0.2221320472522674E-05
    0.2614214039405236E-05
    0.3101410646710286E-05
    0.3696685777271458E-05
    0.4418784989005210E-05
    0.5278391408819046E-05
    0.6284298768062981E-05
    0.7440042948029214E-05
    0.8786830607458124E-05
    0.1040399400265418E-04
    0.1239830596315282E-04
    0.1495612755159761E-04
    0.1846775173026881E-04
    0.2581986092086602E-04
    0.4382609726775977E-04
    0.6152203973384638E-04
    0.7594590163936619E-04
    0.9478052589080917E-04
    0.1248343116352126E-03
    0.1552473307711152E-03
    0.1677890756109052E-03
    0.1642215963874492E-03
    0.1604679697263714E-03
    0.1705762064941235E-03
    0.1956438433037648E-03
    0.2355785604269777E-03
    0.2950719280317018E-03
    0.2636229474079770E-03
    0.2286033084617011E-03
    0.2034317090535275E-03
    0.2064426208477030E-03
    0.2832792055204546E-03
    0.2139348320169247E-03
    0.1869632197445713E-03
    0.1722335618251385E-03
    0.1668475113977838E-03
    0.1612308697587624E-03
    0.1494582013707793E-03
    0.1378437432276496E-03
    0.1291149935733186E-03
    0.1218275449242010E-03
    0.1144759087239002E-03
    0.1071994522304026E-03
    0.9985868214268895E-04
    0.9256139881877166E-04
    0.8559041734289208E-04
    0.7908466029349561E-04
    0.7161783469080603E-04
  
    0.2198169582497689E-05
    0.2644822740089661E-05
    0.3103480437377649E-05
    0.3657137638531601E-05
    0.4314151264269167E-05
    0.5081916792652094E-05
    0.5955321828353614E-05
    0.6934766549310079E-05
    0.8053207672158987E-05
    0.9368174382107330E-05
    0.1095936643446157E-04
    0.1296286508719327E-04
    0.1549028395492114E-04
    0.1856421655770238E-04
    0.2268803401762279E-04
    0.3245330288677508E-04
    0.5470369870380282E-04
    0.7449760302354950E-04
    0.9451166352107934E-04
    0.1208018884632456E-03
    0.1511590993565092E-03
    0.1676907388314191E-03
    0.1684295190244492E-03
    0.1660040237342735E-03
    0.1713432304933417E-03
    0.1894612071270966E-03
    0.2160140689056159E-03
    0.2376366125838249E-03
    0.2615620255344876E-03
    0.2193144023476338E-03
    0.1901430670719481E-03
    0.1781876039993804E-03
    0.1827465321075529E-03
    0.2367622003523882E-03
    0.1876790916712802E-03
    0.1652640652911244E-03
    0.1501193186424133E-03
    0.1429788921906299E-03
    0.1401388758650728E-03
    0.1343207697275623E-03
    0.1242091709935916E-03
    0.1154033528121550E-03
    0.1086103122184696E-03
    0.1027029689031067E-03
    0.9673726198795460E-04
    0.9058692819343049E-04
    0.8464205215547187E-04
    0.7924385215873824E-04
    0.7441556706618506E-04
    0.6868457026772801E-04
  
    0.2986897756766763E-05
    0.3584728417536530E-05
    0.4176406846727742E-05
    0.4860717813621445E-05
    0.5621714478236589E-05
    0.6458916489260107E-05
    0.7397647371589101E-05
    0.8481836372111407E-05
    0.9773638733645456E-05
    0.1138802623399198E-04
    0.1340244218385604E-04
    0.1579686187458995E-04
    0.1867145828094106E-04
    0.2219374963295228E-04
    0.2686981176846754E-04
    0.3993307899811171E-04
    0.6752003553989575E-04
    0.9190865858643966E-04
    0.1176134231717074E-03
    0.1482372705262725E-03
    0.1708734319391265E-03
    0.1764901854294570E-03
    0.1771226040747439E-03
    0.1787038433811584E-03
    0.1904175838210699E-03
    0.2082315577413843E-03
    0.2206752002788642E-03
    0.2208821226422992E-03
    0.2241850558348552E-03
    0.1875131110379192E-03
    0.1707334378693092E-03
    0.1648245953907192E-03
    0.1677366859063997E-03
    0.2047206704573899E-03
    0.1692204404193907E-03
    0.1507225778925511E-03
    0.1365015503684658E-03
    0.1281698725246236E-03
    0.1239677365336985E-03
    0.1202804369620404E-03
    0.1131028470662614E-03
    0.1037316126011572E-03
    0.9596764229759292E-04
    0.8994461516760931E-04
    0.8484211767229011E-04
    0.8020539066184950E-04
    0.7562100502655984E-04
    0.7118353383642041E-04
    0.6737220032267084E-04
    0.6348283353014131E-04
  
    0.3923088758364107E-05
    0.4644221707542022E-05
    0.5303894507168956E-05
    0.6025579213099654E-05
    0.6823492240326495E-05
    0.7729109633297137E-05
    0.8795085043244780E-05
    0.1011827532206972E-04
    0.1175532808878832E-04
    0.1367829548173635E-04
    0.1591741295405467E-04
    0.1862074512954964E-04
    0.2180053464257182E-04
    0.2551640216104429E-04
    0.3077634457782627E-04
    0.4949021791788200E-04
    0.8419712667350500E-04
    0.1133214747448531E-03
    0.1458538160770257E-03
    0.1767284927911152E-03
    0.1901886893209283E-03
    0.1953899111733062E-03
    0.1944091083857916E-03
    0.1989469274700249E-03
    0.2083415517025900E-03
    0.2150266807260366E-03
    0.2115018671177251E-03
    0.1981245760770226E-03
    0.1958628716595532E-03
    0.1716275282739434E-03
    0.1629305078132140E-03
    0.1579312375653126E-03
    0.1581417939113750E-03
    0.1826930630729764E-03
    0.1554041541825506E-03
    0.1394213238690513E-03
    0.1260559518709650E-03
    0.1168158850813798E-03
    0.1112881405268007E-03
    0.1063178031717780E-03
    0.1001323304449533E-03
    0.9271310010824849E-04
    0.8550655935610597E-04
    0.7946916857602305E-04
    0.7466533529034488E-04
    0.7051956259509422E-04
    0.6688335164388796E-04
    0.6351485990949967E-04
    0.6072078658362662E-04
    0.5802620524935206E-04
  
    0.4901329282086871E-05
    0.5650985872995009E-05
    0.6326116590502712E-05
    0.7089494431674796E-05
    0.7978841458547396E-05
    0.9074898165385358E-05
    0.1042137212625361E-04
    0.1199137113450509E-04
    0.1378135662732668E-04
    0.1589620053266994E-04
    0.1838425131307989E-04
    0.2120370522203071E-04
    0.2443114940534732E-04
    0.2847297795800796E-04
    0.3543185303802588E-04
    0.6290271732783082E-04
    0.1042990855817526E-03
    0.1409233288700942E-03
    0.1835102316109479E-03
    0.2106701478610822E-03
    0.2243882021955224E-03
    0.2220819705284204E-03
    0.2165454883945431E-03
    0.2163249658261608E-03
    0.2172043381218319E-03
    0.2118698363252624E-03
    0.1972102489198344E-03
    0.1811640907093840E-03
    0.1824981626944799E-03
    0.1673460841059580E-03
    0.1605873758773317E-03
    0.1542818214951709E-03
    0.1508951416281265E-03
    0.1656288579616935E-03
    0.1427695872235169E-03
    0.1282752861555847E-03
    0.1154704380786176E-03
    0.1056551883980957E-03
    0.9889297836088666E-04
    0.9333983994289923E-04
    0.8739830846122652E-04
    0.8122634031878544E-04
    0.7573604998772615E-04
    0.7134096808365043E-04
    0.6755452073133567E-04
    0.6412205506078900E-04
    0.6089954044140628E-04
    0.5800624921867616E-04
    0.5555818161469162E-04
    0.5346104586097825E-04
  
    0.5775361933750195E-05
    0.6544653460532994E-05
    0.7282179926413837E-05
    0.8196924338225206E-05
    0.9314889403667582E-05
    0.1061422269380901E-04
    0.1207835987738809E-04
    0.1375353619215328E-04
    0.1572465079540776E-04
    0.1796118232571021E-04
    0.2045256992229344E-04
    0.2325821577758670E-04
    0.2682002149944745E-04
    0.3224885975211408E-04
    0.4132747936562739E-04
    0.7990998007824981E-04
    0.1300399228044315E-03
    0.1862536196572466E-03
    0.2384061569241550E-03
    0.2700918418865266E-03
    0.2687766696457318E-03
    0.2469020670078982E-03
    0.2337298822312207E-03
    0.2272173096632034E-03
    0.2202861225097372E-03
    0.2064540636091343E-03
    0.1888031344031013E-03
    0.1764767114864889E-03
    0.1799477047228499E-03
    0.1672651654748010E-03
    0.1587788449952317E-03
    0.1493481625577270E-03
    0.1419903451522142E-03
    0.1497567474362197E-03
    0.1298585536845804E-03
    0.1161006471816184E-03
    0.1034958428212752E-03
    0.9351272308300711E-04
    0.8662751327791793E-04
    0.8164266273364731E-04
    0.7679848878148627E-04
    0.7202854793585573E-04
    0.6791419706468915E-04
    0.6484214099993436E-04
    0.6254877614008220E-04
    0.6029535965221086E-04
    0.5799529156489171E-04
    0.5551451418644408E-04
    0.5309378519019836E-04
    0.5067719397850077E-04
  
    0.6563251993412232E-05
    0.7452649786240869E-05
    0.8379245854831228E-05
    0.9466390927771668E-05
    0.1068313839146433E-04
    0.1204259854641182E-04
    0.1361814361352679E-04
    0.1541819772041112E-04
    0.1741733830360618E-04
    0.1960159537253121E-04
    0.2206767288853576E-04
    0.2527420843620714E-04
    0.3009846252562063E-04
    0.3693122791880055E-04
    0.4712117159499855E-04
    0.1020401081873503E-03
    0.1763003509568984E-03
    0.2675147637490801E-03
    0.3382764421333286E-03
    0.3457939798910453E-03
    0.2979325745248986E-03
    0.2647344694493307E-03
    0.2471985470966217E-03
    0.2390770251818892E-03
    0.2251077677333964E-03
    0.2065162512379675E-03
    0.1887668640620719E-03
    0.1774854400501436E-03
    0.1787158588774190E-03
    0.1645088722431517E-03
    0.1521667844675414E-03
    0.1396463338720490E-03
    0.1302073164369138E-03
    0.1339945678291431E-03
    0.1162276852915328E-03
    0.1029365865979646E-03
    0.9114798191003080E-04
    0.8229774767470272E-04
    0.7661779894800330E-04
    0.7291390238020953E-04
    0.6956298685080856E-04
    0.6619773890304662E-04
    0.6318754450712530E-04
    0.6083290804990670E-04
    0.5917344327527298E-04
    0.5773077225768033E-04
    0.5613339002579346E-04
    0.5423959604037647E-04
    0.5208436119956475E-04
    0.4920389913481598E-04
  
    0.7436440560083110E-05
    0.8505835728162485E-05
    0.9519380524644040E-05
    0.1064802065598429E-04
    0.1192160000232630E-04
    0.1338152277016205E-04
    0.1500628400223459E-04
    0.1679288787537530E-04
    0.1870855200874911E-04
    0.2089157303205157E-04
    0.2384157737495696E-04
    0.2816253821198799E-04
    0.3417813187032721E-04
    0.4150336928032941E-04
    0.5108185387235015E-04
    0.1391041768961618E-03
    0.2835056125835387E-03
    0.4308649303305134E-03
    0.4722381551682839E-03
    0.3865972457961559E-03
    0.3181855758729497E-03
    0.2823344072354027E-03
    0.2693430056005999E-03
    0.2526027909323744E-03
    0.2298964699748770E-03
    0.2068536325154232E-03
    0.1877903783906135E-03
    0.1750131531242433E-03
    0.1718004115007294E-03
    0.1544474647359677E-03
    0.1396249961596404E-03
    0.1265452861824718E-03
    0.1169805263634226E-03
    0.1184939201157453E-03
    0.1033157131347598E-03
    0.9181297019174805E-04
    0.8202660463795822E-04
    0.7493330758834775E-04
    0.7058431821903211E-04
    0.6780747471541910E-04
    0.6542052796270896E-04
    0.6304377117929597E-04
    0.6091468381804471E-04
    0.5914068929737085E-04
    0.5758784152202160E-04
    0.5606150734588599E-04
    0.5438787073862260E-04
    0.5246595652865350E-04
    0.5015107669334584E-04
    0.4713993277171968E-04
  
    0.8372406404446231E-05
    0.9498796006146244E-05
    0.1053813433532423E-04
    0.1173252309569843E-04
    0.1306476798353981E-04
    0.1454285868042802E-04
    0.1612288445000932E-04
    0.1782547704702710E-04
    0.1976814364930953E-04
    0.2250988819980153E-04
    0.2640261779468051E-04
    0.3176454895756909E-04
    0.3814871762277854E-04
    0.4406783248129016E-04
    0.5201575843179009E-04
    0.2368700129921419E-03
    0.5438008838267403E-03
    0.6825292681451504E-03
    0.5444157838010141E-03
    0.4077801741440189E-03
    0.3351207007478932E-03
    0.3069884506865638E-03
    0.2835437944159756E-03
    0.2548555954284491E-03
    0.2262828599229990E-03
    0.1999205775747696E-03
    0.1803235686065364E-03
    0.1649477022668519E-03
    0.1568025249877178E-03
    0.1391812300840931E-03
    0.1258643915766587E-03
    0.1141654438241739E-03
    0.1055012576460104E-03
    0.1064814503279882E-03
    0.9451251830118019E-04
    0.8534738182839470E-04
    0.7750937240699896E-04
    0.7171900052642214E-04
    0.6828420656458637E-04
    0.6602238930120939E-04
    0.6408954503462047E-04
    0.6216584451860488E-04
    0.6028809488965123E-04
    0.5851141237031274E-04
    0.5657162719448507E-04
    0.5431004381261859E-04
    0.5185665082935016E-04
    0.4931418544825562E-04
    0.4672784612443225E-04
    0.4342169851451682E-04
  
    0.9241645209340926E-05
    0.1040169269574242E-04
    0.1149336988708160E-04
    0.1271737104459701E-04
    0.1406112494931848E-04
    0.1546076726274175E-04
    0.1696907066263116E-04
    0.1873281555125116E-04
    0.2126379019464348E-04
    0.2479620917400250E-04
    0.2954485197926080E-04
    0.3504988793081526E-04
    0.3993631113868355E-04
    0.4281913143811031E-04
    0.5385062250373338E-04
    0.5712797076921156E-03
    0.1010463455955099E-02
    0.7881865259007689E-03
    0.5279951479216457E-03
    0.3956951165715436E-03
    0.3427993457498374E-03
    0.3115859274811659E-03
    0.2775910609785581E-03
    0.2443540549134871E-03
    0.2122075521475148E-03
    0.1874267342803053E-03
    0.1683479634368847E-03
    0.1511287650531768E-03
    0.1422934651803656E-03
    0.1278244604513262E-03
    0.1162555894128836E-03
    0.1060350721699713E-03
    0.9855116326470033E-04
    0.9971710935772244E-04
    0.9064635697050120E-04
    0.8344847487416726E-04
    0.7709897262289593E-04
    0.7219163177774649E-04
    0.6909676770557576E-04
    0.6668894621040274E-04
    0.6426954874154459E-04
    0.6171957666746847E-04
    0.5918777873487738E-04
    0.5678261476077100E-04
    0.5431859762157433E-04
    0.5143296155608626E-04
    0.4826572471977891E-04
    0.4508587952903589E-04
    0.4210307454185866E-04
    0.3885210618131011E-04
  
    0.1015421413001595E-04
    0.1138136161738608E-04
    0.1254127091096108E-04
    0.1379504962249978E-04
    0.1512544094363614E-04
    0.1656676029124917E-04
    0.1838900209676852E-04
    0.2099684773683662E-04
    0.2467176583066914E-04
    0.2970790648132236E-04
    0.3603616515421710E-04
    0.4340943849280942E-04
    0.5410901856529838E-04
    0.7932242170060122E-04
    0.1841275547623670E-03
    0.1916879346104115E-02
    0.1228608120841252E-02
    0.7685409683738827E-03
    0.5260920078054088E-03
    0.4095364390617980E-03
    0.3559347810058967E-03
    0.3141842528047598E-03
    0.2781269528911352E-03
    0.2413428958068991E-03
    0.2108104723619030E-03
    0.1868951255586347E-03
    0.1644497228192829E-03
    0.1464375194243308E-03
    0.1373044285905592E-03
    0.1239671887162357E-03
    0.1129164282617091E-03
    0.1039035838371421E-03
    0.9774862356911281E-04
    0.9892199701440197E-04
    0.9163740318916057E-04
    0.8539919797658624E-04
    0.7957882720101961E-04
    0.7455652383706275E-04
    0.7056708561047279E-04
    0.6696420357069054E-04
    0.6332817317236820E-04
    0.5971722212530390E-04
    0.5635586719953959E-04
    0.5333042055172238E-04
    0.5052058376520287E-04
    0.4752004157941001E-04
    0.4417995584102249E-04
    0.4075975152680066E-04
    0.3759491335403878E-04
    0.3444743356612091E-04
  
    0.1112372453583699E-04
    0.1244731928297082E-04
    0.1363964350065012E-04
    0.1495095612165813E-04
    0.1640705066761033E-04
    0.1838447572249718E-04
    0.2115968105467492E-04
    0.2509322850227948E-04
    0.3062552737337040E-04
    0.3777056086078528E-04
    0.4697878546789476E-04
    0.6166259741792804E-04
    0.9257434434168001E-04
    0.1688261507216838E-03
    0.2819416679761927E-03
    0.5198293950563254E-03
    0.3897210566571891E-03
    0.3318937005349280E-03
    0.2942587176061634E-03
    0.2964679373443688E-03
    0.2976195086848894E-03
    0.2872359590054596E-03
    0.2593045634041623E-03
    0.2266904426367650E-03
    0.1992777662025804E-03
    0.1735945642837676E-03
    0.1524355800065334E-03
    0.1369541706176803E-03
    0.1294500375063157E-03
    0.1188437578121107E-03
    0.1102439430739386E-03
    0.1033738280622809E-03
    0.9839774491899509E-04
    0.9914418097741632E-04
    0.9240515708478823E-04
    0.8596660669086723E-04
    0.7959697485792365E-04
    0.7374581659494790E-04
    0.6869122819329663E-04
    0.6398483274866301E-04
    0.5943426451549967E-04
    0.5517534631270832E-04
    0.5139106673260301E-04
    0.4812235536196240E-04
    0.4525803603577742E-04
    0.4254594255744458E-04
    0.3973869958918714E-04
    0.3679055544529097E-04
    0.3396601398090060E-04
    0.3110729953575227E-04
  
    0.1211407435113470E-04
    0.1349737591315849E-04
    0.1480041509580033E-04
    0.1634043680864640E-04
    0.1847738402098060E-04
    0.2145690205418058E-04
    0.2564050155598117E-04
    0.3134834987754386E-04
    0.3861070008692350E-04
    0.4818258171114722E-04
    0.6265943620897954E-04
    0.9016167965573942E-04
    0.1446050980459252E-03
    0.2056178109712468E-03
    0.2134934530219576E-03
    0.3376088308619437E-03
    0.2634830429141192E-03
    0.2949357112004646E-03
    0.3162970987870925E-03
    0.3332579759538552E-03
    0.3387805298162320E-03
    0.3133776319193452E-03
    0.2688119739113300E-03
    0.2292559056887226E-03
    0.1943801806692575E-03
    0.1670373970770205E-03
    0.1476992088145427E-03
    0.1346872098756830E-03
    0.1290747450039035E-03
    0.1208677656025632E-03
    0.1134600744072155E-03
    0.1065880333541929E-03
    0.1005873185294944E-03
    0.9912721125693798E-04
    0.9140589603145931E-04
    0.8389769093743082E-04
    0.7659649856563102E-04
    0.6994838985346874E-04
    0.6415576164072270E-04
    0.5880989963495908E-04
    0.5382126792746211E-04
    0.4943432655758529E-04
    0.4576693323763387E-04
    0.4279160444385746E-04
    0.4034662123721490E-04
    0.3819511704232776E-04
    0.3617016076953329E-04
    0.3403505525119452E-04
    0.3182930289598464E-04
    0.2933022712474135E-04
  
    0.1317724484492999E-04
    0.1477067490238239E-04
    0.1641942947868465E-04
    0.1867484784596905E-04
    0.2176640368880818E-04
    0.2591727885531363E-04
    0.3138551856417586E-04
    0.3832258477983467E-04
    0.4735940988193093E-04
    0.6005566740324211E-04
    0.8223502027436621E-04
    0.1202623868769372E-03
    0.1557112941185439E-03
    0.1587901181497213E-03
    0.1432292123520760E-03
    0.2654456315762130E-03
    0.2337790041385587E-03
    0.2921792560927234E-03
    0.3654215384152225E-03
    0.4084993834867730E-03
    0.3899886123326995E-03
    0.3246432377887955E-03
    0.2683839921809334E-03
    0.2234331529686631E-03
    0.1899331363511216E-03
    0.1666742392177688E-03
    0.1502557080650013E-03
    0.1389061244894517E-03
    0.1332847956771411E-03
    0.1246236049473188E-03
    0.1157693030064291E-03
    0.1069416348214388E-03
    0.9875013903430318E-04
    0.9470080466271020E-04
    0.8591003135654881E-04
    0.7756359608803972E-04
    0.6979643698539707E-04
    0.6293381508712802E-04
    0.5712502318936918E-04
    0.5195008622877022E-04
    0.4738120610858524E-04
    0.4365064618981902E-04
    0.4073384443912390E-04
    0.3853920348122162E-04
    0.3677149581288678E-04
    0.3519437916575228E-04
    0.3367740503847755E-04
    0.3209206263338343E-04
    0.3036762262818897E-04
    0.2815395402674304E-04
  
    0.1455673123844194E-04
    0.1652479093089974E-04
    0.1878838384254960E-04
    0.2179597064335265E-04
    0.2574654827932595E-04
    0.3086126999677992E-04
    0.3725085866967781E-04
    0.4523321644073174E-04
    0.5594921073379865E-04
    0.7360251179910080E-04
    0.1004975073651177E-03
    0.1227079558194192E-03
    0.1246099488310836E-03
    0.1097887358645898E-03
    0.1098940802624656E-03
    0.2363472797765538E-03
    0.2709333100375339E-03
    0.3780670215657194E-03
    0.4830046677663490E-03
    0.4984493133615116E-03
    0.4060058325724824E-03
    0.3213750489161509E-03
    0.2603266495428586E-03
    0.2200069886902168E-03
    0.1929453375982777E-03
    0.1728153424764940E-03
    0.1564393613383216E-03
    0.1428556237040960E-03
    0.1337675955473162E-03
    0.1224753224732900E-03
    0.1113342175967646E-03
    0.1006408239299428E-03
    0.9102945392222968E-04
    0.8535614449623440E-04
    0.7640948378126881E-04
    0.6820453876685716E-04
    0.6093957698585148E-04
    0.5487181527485316E-04
    0.5006210591129445E-04
    0.4592361092030484E-04
    0.4233521479000231E-04
    0.3942439835712277E-04
    0.3715776304882889E-04
    0.3543729620396583E-04
    0.3400729329894177E-04
    0.3271274118996065E-04
    0.3145064575937153E-04
    0.3014647154327517E-04
    0.2881444608624749E-04
    0.2700489483580870E-04
  
    0.1621633085397324E-04
    0.1873119779449888E-04
    0.2155343265575714E-04
    0.2524717132411099E-04
    0.2992176037224678E-04
    0.3559570669621858E-04
    0.4243595327900433E-04
    0.5145322948953412E-04
    0.6561034383099108E-04
    0.8514310779580734E-04
    0.1002584502025183E-03
    0.1015418404765460E-03
    0.9079885410305372E-04
    0.8343883963693428E-04
    0.9228302578876576E-04
    0.2524687310071514E-03
    0.4107688785083201E-03
    0.6007013498305180E-03
    0.6600298862198270E-03
    0.5293083294400300E-03
    0.4046327853595093E-03
    0.3179743991639885E-03
    0.2616496039037523E-03
    0.2240480553145787E-03
    0.1957681514459534E-03
    0.1725105228441766E-03
    0.1527227343336901E-03
    0.1360564137877672E-03
    0.1241481820432269E-03
    0.1113061921694837E-03
    0.9939178550085288E-04
    0.8836299098607448E-04
    0.7895913654103900E-04
    0.7361964775516505E-04
    0.6626440289201236E-04
    0.5967955429965053E-04
    0.5393737915705748E-04
    0.4911399712809606E-04
    0.4523947401594250E-04
    0.4185702969397618E-04
    0.3884340398695423E-04
    0.3635645607041862E-04
    0.3438421175799330E-04
    0.3285582898995650E-04
    0.3159364575384103E-04
    0.3046090883968753E-04
    0.2940268526682495E-04
    0.2834486624345197E-04
    0.2729943810125072E-04
    0.2594297311423236E-04
  
    0.1808875619926872E-04
    0.2109668404451666E-04
    0.2448024229699852E-04
    0.2865699784724618E-04
    0.3359043195533249E-04
    0.3948321993227918E-04
    0.4721631727224780E-04
    0.5860403728760303E-04
    0.7330039103958824E-04
    0.8425233667861491E-04
    0.8529217541315855E-04
    0.7750281011302426E-04
    0.6973701089243432E-04
    0.6955131248470906E-04
    0.8137310798651137E-04
    0.3717913838232151E-03
    0.7794056349394423E-03
    0.9566205161780886E-03
    0.7462708851631603E-03
    0.5303415559930830E-03
    0.3982053948195141E-03
    0.3156144754667216E-03
    0.2571340202533921E-03
    0.2138124269905192E-03
    0.1811094477694249E-03
    0.1548647165953615E-03
    0.1333530136393283E-03
    0.1160829420193542E-03
    0.1043982484457220E-03
    0.9342176038360170E-04
    0.8401211795569573E-04
    0.7556665666656774E-04
    0.6861314785854124E-04
    0.6505924390189338E-04
    0.5971624086407078E-04
    0.5465788056340783E-04
    0.4994718468069960E-04
    0.4582398193349496E-04
    0.4236898790875284E-04
    0.3935285195981996E-04
    0.3662540018515256E-04
    0.3435455903552079E-04
    0.3251646840243646E-04
    0.3103364288051357E-04
    0.2979734804645472E-04
    0.2871781084046659E-04
    0.2773054506488169E-04
    0.2682046431597346E-04
    0.2596611334827724E-04
    0.2491524003816055E-04
  
    0.2002493423889587E-04
    0.2356076700887914E-04
    0.2723522106632420E-04
    0.3157990851883255E-04
    0.3676271152559272E-04
    0.4336955298664892E-04
    0.5273211011773195E-04
    0.6404998005786576E-04
    0.7251776614744636E-04
    0.7350563926760853E-04
    0.6769266005524012E-04
    0.6061722913677094E-04
    0.5844164905686364E-04
    0.6072917516897888E-04
    0.7944922075155796E-04
    0.8468786693987188E-03
    0.1447276875874486E-02
    0.1094968442335675E-02
    0.6989240176224195E-03
    0.4848912523412465E-03
    0.3633459513825943E-03
    0.2833531301578603E-03
    0.2247802074183592E-03
    0.1805521904710228E-03
    0.1475669092851983E-03
    0.1239415474043682E-03
    0.1068984540139668E-03
    0.9454830728242512E-04
    0.8720174757561732E-04
    0.8004739159673560E-04
    0.7364919649148089E-04
    0.6768458887611704E-04
    0.6266223310685010E-04
    0.6033850721371751E-04
    0.5630842792040648E-04
    0.5220000256529773E-04
    0.4803562259539129E-04
    0.4422344073746025E-04
    0.4091978519639893E-04
    0.3808775700706040E-04
    0.3552990808620406E-04
    0.3336541397073870E-04
    0.3158014544398049E-04
    0.3005304923402676E-04
    0.2873094593102480E-04
    0.2758787956420029E-04
    0.2654768603697889E-04
    0.2563349888093027E-04
    0.2487551218393921E-04
    0.2401240073256015E-04
  
    0.2220694479570313E-04
    0.2606582133421046E-04
    0.2999278583775278E-04
    0.3459804637585693E-04
    0.4037429602385712E-04
    0.4835017347281168E-04
    0.5755632719888287E-04
    0.6473023577567460E-04
    0.6632506370611716E-04
    0.6283621396937222E-04
    0.5868118244238943E-04
    0.6058751465743440E-04
    0.7312653608259695E-04
    0.1102897787231154E-03
    0.2656888999178351E-03
    0.2802790408048294E-02
    0.1748948409268487E-02
    0.1047244907432034E-02
    0.6723783346002313E-03
    0.4588318969092663E-03
    0.3290648430565672E-03
    0.2470480041795005E-03
    0.1927269638786681E-03
    0.1557763272308160E-03
    0.1302874955376169E-03
    0.1122597892625767E-03
    0.9937404754171434E-04
    0.8959778614536776E-04
    0.8356444221740571E-04
    0.7735725285132085E-04
    0.7127153269523878E-04
    0.6544759089273937E-04
    0.6065113307476776E-04
    0.5838991064813754E-04
    0.5486520624823327E-04
    0.5116038148834504E-04
    0.4726231157590498E-04
    0.4358815885478383E-04
    0.4036153885938047E-04
    0.3763098439545972E-04
    0.3519212133525920E-04
    0.3309958204749463E-04
    0.3133024444002510E-04
    0.2976266784203166E-04
    0.2834906441314519E-04
    0.2708370707396383E-04
    0.2594147233841473E-04
    0.2493548468333114E-04
    0.2412589257261015E-04
    0.2332767400985774E-04
  
    0.2451228122317763E-04
    0.2871773276629273E-04
    0.3279225233750719E-04
    0.3792594611540811E-04
    0.4484221849540538E-04
    0.5271563892726975E-04
    0.5915767255373008E-04
    0.6156889266929572E-04
    0.6032149299376555E-04
    0.5927385776650472E-04
    0.6491594499980437E-04
    0.8248167794545860E-04
    0.1265421273165848E-03
    0.2391889627551116E-03
    0.4039718685015982E-03
    0.7428369987288385E-03
    0.5010031093744414E-03
    0.3848195945922561E-03
    0.2874160648761803E-03
    0.2243051205822352E-03
    0.1833132473004082E-03
    0.1541718513229447E-03
    0.1314939954799121E-03
    0.1139940887943396E-03
    0.1010369451935198E-03
    0.9163222573526214E-04
    0.8425661900607584E-04
    0.7811903859105650E-04
    0.7429792284742899E-04
    0.6969783713233392E-04
    0.6469311535155039E-04
    0.5963155070758233E-04
    0.5551437099146458E-04
    0.5364772312437696E-04
    0.5084839015470113E-04
    0.4771620611436154E-04
    0.4427853150036713E-04
    0.4103393600157448E-04
    0.3822739322619609E-04
    0.3589943395685178E-04
    0.3383170454373425E-04
    0.3201982176741182E-04
    0.3043988374104377E-04
    0.2898449185632676E-04
    0.2763134684843929E-04
    0.2636130835348333E-04
    0.2519399695962352E-04
    0.2414712861534350E-04
    0.2329003050844110E-04
    0.2248961941421406E-04
  
    0.2680231368422635E-04
    0.3114279463162967E-04
    0.3572527642159586E-04
    0.4185366073155537E-04
    0.4894727120678411E-04
    0.5505265188507062E-04
    0.5827564151641052E-04
    0.5871117606339678E-04
    0.5957325184672427E-04
    0.6647866984847887E-04
    0.8356299002149027E-04
    0.1215142602307416E-03
    0.2002246199547034E-03
    0.2899134779999069E-03
    0.3008512083725107E-03
    0.4561789923019105E-03
    0.2876099735863470E-03
    0.2832542683778644E-03
    0.2366527341608194E-03
    0.1900035308499127E-03
    0.1575940548273958E-03
    0.1358462060092596E-03
    0.1189841514815648E-03
    0.1049024015656438E-03
    0.9317789356645289E-04
    0.8426595281300102E-04
    0.7783769050186521E-04
    0.7278736255846698E-04
    0.6966109298471671E-04
    0.6578495370625032E-04
    0.6115758215238486E-04
    0.5622187048432480E-04
    0.5222453796533414E-04
    0.5031827359528968E-04
    0.4785187810882298E-04
    0.4508452871382566E-04
    0.4194313826300704E-04
    0.3898201642060721E-04
    0.3643948671909908E-04
    0.3437017841250943E-04
    0.3259643217424634E-04
    0.3102888066100500E-04
    0.2963711420898243E-04
    0.2831826092581674E-04
    0.2704663939605653E-04
    0.2583844266379996E-04
    0.2470600349537189E-04
    0.2365574171941409E-04
    0.2275944858170071E-04
    0.2189313573702900E-04
  
    0.2890949200109503E-04
    0.3398000846470623E-04
    0.3956049055065562E-04
    0.4612207776581475E-04
    0.5195116307635235E-04
    0.5551045341800525E-04
    0.5687856161084068E-04
    0.5865479094608253E-04
    0.6537245217298160E-04
    0.7980006568505621E-04
    0.1089615997522050E-03
    0.1625717322360493E-03
    0.2147434234386248E-03
    0.2206940537332601E-03
    0.1963134888369123E-03
    0.3245244591879830E-03
    0.1986245459298917E-03
    0.1849601284167503E-03
    0.1812380080082895E-03
    0.1600716210301324E-03
    0.1365027329114655E-03
    0.1183760704238455E-03
    0.1057665301789828E-03
    0.9569622765207620E-04
    0.8697066714056838E-04
    0.7924477883250863E-04
    0.7284900482309152E-04
    0.6792457338122261E-04
    0.6515363318393301E-04
    0.6193571147374756E-04
    0.5802320038442806E-04
    0.5358083235924406E-04
    0.4964605921419842E-04
    0.4756598991734255E-04
    0.4509538036975750E-04
    0.4239201357980180E-04
    0.3940042026757352E-04
    0.3667041841510682E-04
    0.3437667796037443E-04
    0.3257543113776490E-04
    0.3104561717939977E-04
    0.2965650039893535E-04
    0.2839566794934413E-04
    0.2720966533615367E-04
    0.2605585016973875E-04
    0.2496831799826739E-04
    0.2396626153240825E-04
    0.2302235273468453E-04
    0.2217344479064437E-04
    0.2127790964778124E-04
  
    0.3170447941593126E-04
    0.3778944158821187E-04
    0.4373002613558475E-04
    0.4916464604695587E-04
    0.5279231564967306E-04
    0.5468608824188285E-04
    0.5683561454647861E-04
    0.6252673120980556E-04
    0.7376703575868985E-04
    0.9571836087567237E-04
    0.1329175113377593E-03
    0.1654714889801311E-03
    0.1694579681237020E-03
    0.1490881141071393E-03
    0.1449329612827205E-03
    0.2418856476514403E-03
    0.1547428538767009E-03
    0.1345177134737690E-03
    0.1301168366206175E-03
    0.1267979928475054E-03
    0.1145841123340524E-03
    0.1012473126173648E-03
    0.9107389745793101E-04
    0.8407249171148418E-04
    0.7837936853851205E-04
    0.7336134294962035E-04
    0.6834599335593327E-04
    0.6367723064672610E-04
    0.6087077469838712E-04
    0.5798804650321203E-04
    0.5456867325803062E-04
    0.5074096872782709E-04
    0.4731897701328355E-04
    0.4534528932637621E-04
    0.4298322395974197E-04
    0.4026033256767643E-04
    0.3723891631282822E-04
    0.3453303748837958E-04
    0.3231434067138314E-04
    0.3058925088664103E-04
    0.2917363207408800E-04
    0.2791257252335427E-04
    0.2677774058479870E-04
    0.2571238641233487E-04
    0.2466197255155142E-04
    0.2366694747881983E-04
    0.2277531778310301E-04
    0.2196371010350139E-04
    0.2122207646516184E-04
    0.2036224665282969E-04
  
    0.3510181153628266E-04
    0.4155935229648340E-04
    0.4655096005171335E-04
    0.5009037493304868E-04
    0.5217890090112408E-04
    0.5428061099003815E-04
    0.5870138174383871E-04
    0.6734168397498431E-04
    0.8391231946441332E-04
    0.1105106949811806E-03
    0.1324536127320368E-03
    0.1350934852320336E-03
    0.1206305255419155E-03
    0.1097269719321521E-03
    0.1165735540585477E-03
    0.1863336390585508E-03
    0.1267194226399615E-03
    0.1077465260944334E-03
    0.9947528357204618E-04
    0.9798291834538318E-04
    0.9486291618902023E-04
    0.8613556911360856E-04
    0.7745253807303653E-04
    0.7214468894405809E-04
    0.6872427270876711E-04
    0.6556206041570455E-04
    0.6242942925675659E-04
    0.5920804605575354E-04
    0.5691461552589367E-04
    0.5446457971886293E-04
    0.5155122106093738E-04
    0.4810890785947056E-04
    0.4501488650669963E-04
    0.4322728016246869E-04
    0.4115288312124313E-04
    0.3858687170523583E-04
    0.3567581553630310E-04
    0.3298873965074319E-04
    0.3071317635704267E-04
    0.2889492275684590E-04
    0.2738819985316257E-04
    0.2608409606845698E-04
    0.2495721422680655E-04
    0.2395438954950954E-04
    0.2301307532950827E-04
    0.2213229713050138E-04
    0.2135337305164875E-04
    0.2067501459141517E-04
    0.2005457261419766E-04
    0.1927068071357063E-04
  
    0.3834297374533490E-04
    0.4407392120652054E-04
    0.4733729014731410E-04
    0.4940682875917779E-04
    0.5122132640187267E-04
    0.5465062951382318E-04
    0.6138456941579917E-04
    0.7396848346374233E-04
    0.9352499534181584E-04
    0.1092514327271651E-03
    0.1111602902061539E-03
    0.1005522737433982E-03
    0.9012502273884567E-04
    0.8904461422565009E-04
    0.9746689807151676E-04
    0.1476192473513447E-03
    0.1064696700930320E-03
    0.9077666584405560E-04
    0.8166628241624204E-04
    0.7849246113754985E-04
    0.7753722242576666E-04
    0.7390708657926764E-04
    0.6728292377515608E-04
    0.6195003466891680E-04
    0.5921109079194805E-04
    0.5761724127551597E-04
    0.5566436879586290E-04
    0.5348394170353683E-04
    0.5199803306708694E-04
    0.5030411689960079E-04
    0.4823186921253793E-04
    0.4555321468914125E-04
    0.4297112456328324E-04
    0.4142391377188709E-04
    0.3959855604064455E-04
    0.3724043669700640E-04
    0.3448876220068410E-04
    0.3191146837291490E-04
    0.2968875718296051E-04
    0.2783456521405983E-04
    0.2621426188724857E-04
    0.2477378725036438E-04
    0.2351842185390907E-04
    0.2243215090271954E-04
    0.2147564524496765E-04
    0.2062592180229970E-04
    0.1989998272830770E-04
    0.1929947696467095E-04
    0.1877599326581638E-04
    0.1808854369326700E-04
  
    0.4050677090483667E-04
    0.4467042504296815E-04
    0.4647301958854501E-04
    0.4805951874832029E-04
    0.5083217331526147E-04
    0.5610477098247636E-04
    0.6581844790211196E-04
    0.8046052788034341E-04
    0.9231601524784302E-04
    0.9386242612221880E-04
    0.8574538356347829E-04
    0.7646210532166868E-04
    0.7353445495254130E-04
    0.7589045559507923E-04
    0.8335435995322218E-04
    0.1198080887631156E-03
    0.9097730369252499E-04
    0.7865564495848034E-04
    0.6987426611904653E-04
    0.6601999443339712E-04
    0.6464792209408153E-04
    0.6287399759558277E-04
    0.5907839269570344E-04
    0.5478567801666757E-04
    0.5169283808531333E-04
    0.5028950888803009E-04
    0.4912939265606403E-04
    0.4775831620628418E-04
    0.4697715438368569E-04
    0.4580744116935361E-04
    0.4418907058721665E-04
    0.4215489747556811E-04
    0.4020183624363950E-04
    0.3916317491922614E-04
    0.3784123758554828E-04
    0.3587230347454514E-04
    0.3342463878537655E-04
    0.3105672029625794E-04
    0.2896514466289987E-04
    0.2712983882435977E-04
    0.2546968342928386E-04
    0.2397077794938954E-04
    0.2265299051766896E-04
    0.2151423645187198E-04
    0.2051257435361323E-04
    0.1962161352285187E-04
    0.1886499632963221E-04
    0.1824414454616201E-04
    0.1772812829078414E-04
    0.1709052783552699E-04
  
    0.4111076214341535E-04
    0.4368556018354567E-04
    0.4509585254038359E-04
    0.4736000668942834E-04
    0.5148666793121493E-04
    0.5908275185803639E-04
    0.7023262224860372E-04
    0.7950973709185037E-04
    0.8088992262984003E-04
    0.7457331920074646E-04
    0.6643824179235479E-04
    0.6256573316413951E-04
    0.6336965648224456E-04
    0.6628883514839215E-04
    0.7242064268203590E-04
    0.9936231511768793E-04
    0.7886985499338461E-04
    0.6920694559570875E-04
    0.6140319162701837E-04
    0.5719265121972013E-04
    0.5578196373568700E-04
    0.5421194412310352E-04
    0.5162944660363567E-04
    0.4864713352637783E-04
    0.4636901774844660E-04
    0.4477415633382923E-04
    0.4369715821077849E-04
    0.4261691267420825E-04
    0.4212779689514501E-04
    0.4144716543348649E-04
    0.4030172673036702E-04
    0.3861547664311413E-04
    0.3690546215609826E-04
    0.3611864314643711E-04
    0.3521732281982539E-04
    0.3377456229386787E-04
    0.3181544497672774E-04
    0.2984492017928615E-04
    0.2810004187767968E-04
    0.2650337631519478E-04
    0.2496067668717730E-04
    0.2348256719945500E-04
    0.2214035350646425E-04
    0.2097940547533080E-04
    0.1996741886574876E-04
    0.1907050433069667E-04
    0.1830078667617269E-04
    0.1764759095866920E-04
    0.1710240509424779E-04
    0.1647593088098428E-04
  
    0.4039407234754859E-04
    0.4237283151804426E-04
    0.4415864491435189E-04
    0.4742931241257082E-04
    0.5344836515865741E-04
    0.6211928483871401E-04
    0.6954466120551773E-04
    0.7083604324641040E-04
    0.6587582630155767E-04
    0.5879609795472881E-04
    0.5444593922988692E-04
    0.5427950130576545E-04
    0.5604963344580197E-04
    0.5881223373593302E-04
    0.6363117093647969E-04
    0.8402282200326017E-04
    0.6922250772504053E-04
    0.6162586190636512E-04
    0.5483934031571311E-04
    0.5068633331206996E-04
    0.4899973940684801E-04
    0.4778390240017936E-04
    0.4562273559542247E-04
    0.4324057079552344E-04
    0.4139853605015773E-04
    0.4042840834529538E-04
    0.3960159225651387E-04
    0.3859017024426555E-04
    0.3817703365867445E-04
    0.3763644196180577E-04
    0.3660840043825527E-04
    0.3510137718402754E-04
    0.3361996104761654E-04
    0.3298430083460023E-04
    0.3226587995242580E-04
    0.3107479788471690E-04
    0.2943691150439936E-04
    0.2785633815577738E-04
    0.2654534470917652E-04
    0.2535939939556744E-04
    0.2414766852121646E-04
    0.2292003988442153E-04
    0.2173944554009562E-04
    0.2066817538061915E-04
    0.1969248520759660E-04
    0.1880576092188241E-04
    0.1802465559532924E-04
    0.1734317658311737E-04
    0.1676968707823049E-04
    0.1614159309527720E-04
  
    0.3928525396662554E-04
    0.4127627916084315E-04
    0.4386674403946506E-04
    0.4870050107512795E-04
    0.5557364507677574E-04
    0.6160499583269857E-04
    0.6282412096175578E-04
    0.5891446630587027E-04
    0.5279414197740339E-04
    0.4833327400038404E-04
    0.4728377281684668E-04
    0.4847003884410611E-04
    0.5036803522104280E-04
    0.5274447189141551E-04
    0.5639039876769381E-04
    0.7228933485709595E-04
    0.6136651476750265E-04
    0.5542943139456972E-04
    0.4959818761021379E-04
    0.4568302754042580E-04
    0.4374813753071584E-04
    0.4250706088490393E-04
    0.4081007365942584E-04
    0.3888985639607214E-04
    0.3729149955924161E-04
    0.3637920171068453E-04
    0.3591874454610181E-04
    0.3528231186483516E-04
    0.3493896378604077E-04
    0.3463893625759255E-04
    0.3365465101009995E-04
    0.3210856640641790E-04
    0.3055580294649295E-04
    0.2989361251367410E-04
    0.2932581723298623E-04
    0.2833537052430953E-04
    0.2690972805418484E-04
    0.2551346543050106E-04
    0.2444744696634780E-04
    0.2355057685072404E-04
    0.2265540595356641E-04
    0.2175058202726686E-04
    0.2087827863564189E-04
    0.2007331526176374E-04
    0.1930741219295217E-04
    0.1856457356641409E-04
    0.1786335735037964E-04
    0.1721171954610557E-04
    0.1663931868028004E-04
    0.1601921689154723E-04
  
    0.3820784476967715E-04
    0.4080576610864122E-04
    0.4472496588708996E-04
    0.5023320460907609E-04
    0.5519999280022735E-04
    0.5635812136126686E-04
    0.5328531603624550E-04
    0.4802545620405875E-04
    0.4363907213078169E-04
    0.4193619761572379E-04
    0.4252926474414496E-04
    0.4396990204355821E-04
    0.4581569526421483E-04
    0.4771158586848023E-04
    0.5043686810582154E-04
    0.6324364991516372E-04
    0.5499871780389225E-04
    0.5030498168452794E-04
    0.4540709751346208E-04
    0.4179656327857179E-04
    0.3972529785578947E-04
    0.3822640301653220E-04
    0.3671605134516840E-04
    0.3517571901683746E-04
    0.3399689806758016E-04
    0.3323484730809160E-04
    0.3270930120493517E-04
    0.3220941086042981E-04
    0.3201201595102310E-04
    0.3189077625959762E-04
    0.3122420046740336E-04
    0.2983585834889450E-04
    0.2828471342104289E-04
    0.2753849411420816E-04
    0.2691914193658330E-04
    0.2595394583522669E-04
    0.2457563395956270E-04
    0.2320651078486624E-04
    0.2223815125212048E-04
    0.2153938236320151E-04
    0.2086944022183690E-04
    0.2017465837026300E-04
    0.1949971393523580E-04
    0.1891632096205378E-04
    0.1841759611528753E-04
    0.1793024327998422E-04
    0.1743073695927631E-04
    0.1691738149605535E-04
    0.1642762538967389E-04
    0.1586664604974755E-04
  
    0.3734959793818809E-04
    0.4098727721345283E-04
    0.4519201065001156E-04
    0.4891353458263267E-04
    0.4970121464225307E-04
    0.4720666327432916E-04
    0.4288443925320077E-04
    0.3898674876527736E-04
    0.3706451911870392E-04
    0.3711770547659879E-04
    0.3821374912340287E-04
    0.3963347723215874E-04
    0.4121978529716182E-04
    0.4252689530800297E-04
    0.4450524072947226E-04
    0.5475622833186859E-04
    0.4884203840343708E-04
    0.4516236088561239E-04
    0.4128429675019497E-04
    0.3813330353783801E-04
    0.3605689386761288E-04
    0.3425988484208543E-04
    0.3263229561384594E-04
    0.3130963447064977E-04
    0.3040169901577071E-04
    0.2996691355062145E-04
    0.2956624923557540E-04
    0.2900869432736646E-04
    0.2877849201045764E-04
    0.2879270537035011E-04
    0.2836253377006779E-04
    0.2735933173154786E-04
    0.2615394173993205E-04
    0.2558395108210144E-04
    0.2505014407809245E-04
    0.2405963004953353E-04
    0.2258713030810014E-04
    0.2109101727018779E-04
    0.1999192846468886E-04
    0.1924851908499116E-04
    0.1865376470466959E-04
    0.1812487985116094E-04
    0.1764919834162977E-04
    0.1725786260793214E-04
    0.1694877878849993E-04
    0.1666058744886003E-04
    0.1635578813394744E-04
    0.1601348675338479E-04
    0.1566648035006542E-04
    0.1523720940685514E-04
  
  
