    0.2225731559349787E-08
    0.2226199734171677E-08
    0.2226492667423309E-08
    0.2226817583809897E-08
    0.2227138093494045E-08
    0.2227460272718671E-08
    0.2227782869244520E-08
    0.2228105939629367E-08
    0.2228429355500575E-08
    0.2228753327500953E-08
    0.2229083383389962E-08
    0.2229521394035069E-08
    0.2231700444784673E-08
    0.2257881516853565E-08
    0.2557554624813031E-08
    0.5343934998571474E-08
    0.2568817739539461E-07
    0.1427146314953401E-06
    0.6907850426844212E-06
    0.2245131430767241E-05
    0.4435387117360829E-05
    0.5949066562704896E-05
    0.6638735214000143E-05
    0.6306749719056599E-05
    0.5177244657349869E-05
    0.3965024703487805E-05
    0.3205393358703322E-05
    0.2952778205380261E-05
    0.5410450228940205E-05
    0.1653639403314243E-04
    0.2714050091517035E-04
    0.3016313209957526E-04
    0.2804573664214480E-04
    0.3413097630606988E-04
    0.5458166741677280E-04
    0.8259064365151697E-04
    0.1002312550243423E-03
    0.1031967767440771E-03
    0.1003852415515075E-03
    0.9892203104930748E-04
    0.1023539395574213E-03
    0.1087419229029696E-03
    0.1142614579357541E-03
    0.1156687445378721E-03
    0.1124270208989287E-03
    0.1056305031260733E-03
    0.9738268740468681E-04
    0.8993769670786225E-04
    0.8433950376714766E-04
    0.7745326463279143E-04
  
    0.2225733567565114E-08
    0.2226201742386936E-08
    0.2226494675638527E-08
    0.2226819592025088E-08
    0.2227140101709204E-08
    0.2227462280933999E-08
    0.2227784877466412E-08
    0.2228107948046057E-08
    0.2228431369227064E-08
    0.2228755473341362E-08
    0.2229088492727065E-08
    0.2229585475767281E-08
    0.2232784057689639E-08
    0.2273867467359761E-08
    0.2751444071087948E-08
    0.7203805554232944E-08
    0.3940574971738455E-07
    0.2207612627809352E-06
    0.1035028782386929E-05
    0.3005599086253497E-05
    0.5340322901402784E-05
    0.6653720588585993E-05
    0.7107699650011044E-05
    0.6385312150909819E-05
    0.5032763498037163E-05
    0.3865966238821603E-05
    0.3268684760242333E-05
    0.3300906465022818E-05
    0.7565202166268569E-05
    0.2278731131069061E-04
    0.3314701579938230E-04
    0.3564550518990024E-04
    0.3656875643817746E-04
    0.5397623483964054E-04
    0.8654301341200335E-04
    0.1148800244812424E-03
    0.1231229368807538E-03
    0.1219138530269491E-03
    0.1169000666260780E-03
    0.1190720160454498E-03
    0.1262354598800407E-03
    0.1334560209040314E-03
    0.1350327102875350E-03
    0.1302523202150143E-03
    0.1214436201782994E-03
    0.1107565510118563E-03
    0.1013275569060279E-03
    0.9442448197927178E-04
    0.8911718489774963E-04
    0.8071820272942332E-04
  
    0.2225734832315302E-08
    0.2226203007135249E-08
    0.2226495940385768E-08
    0.2226820856771155E-08
    0.2227141366454216E-08
    0.2227463545678174E-08
    0.2227786142214982E-08
    0.2228109212957294E-08
    0.2228432638765297E-08
    0.2228756862262663E-08
    0.2229092653107892E-08
    0.2229646582906547E-08
    0.2233858572568160E-08
    0.2290119105889164E-08
    0.2951980328144334E-08
    0.9139432710472450E-08
    0.5355750979304805E-07
    0.2996498163185836E-06
    0.1350271732461533E-05
    0.3597985893035642E-05
    0.5913316846719780E-05
    0.7113719250023793E-05
    0.7338264022740446E-05
    0.6370783066314691E-05
    0.4931982152484768E-05
    0.3867562281354935E-05
    0.3402718658481653E-05
    0.3712017393272879E-05
    0.9892862789130347E-05
    0.2785052215455801E-04
    0.3807483489318113E-04
    0.4143678887978872E-04
    0.4983431123348033E-04
    0.7827245350192560E-04
    0.1148523288833263E-03
    0.1354051743177694E-03
    0.1415151420331338E-03
    0.1355638226876541E-03
    0.1333506687426986E-03
    0.1396793259803066E-03
    0.1478506565453288E-03
    0.1510375794769334E-03
    0.1466781008951703E-03
    0.1376106219205015E-03
    0.1254391587843275E-03
    0.1141389311684681E-03
    0.1055073561109515E-03
    0.9890368217624247E-04
    0.9253795457465367E-04
    0.8322666612337992E-04
  
    0.2225736232556060E-08
    0.2226204407333492E-08
    0.2226497340557910E-08
    0.2226822256914626E-08
    0.2227142766570155E-08
    0.2227464945767601E-08
    0.2227787542285365E-08
    0.2228110613209637E-08
    0.2228434044968160E-08
    0.2228758426089015E-08
    0.2229097959105888E-08
    0.2229730447734409E-08
    0.2235368570223947E-08
    0.2313358453973479E-08
    0.3242366967707447E-08
    0.1195543358757380E-07
    0.7401038126484460E-07
    0.4124888860303444E-06
    0.1762954340803734E-05
    0.4306168277076548E-05
    0.6550488846981299E-05
    0.7621235591172991E-05
    0.7556763951927834E-05
    0.6332838024461625E-05
    0.4839879195923613E-05
    0.3932777249047838E-05
    0.3644299702405354E-05
    0.4289032922055107E-05
    0.1320485376382855E-04
    0.3411452068710067E-04
    0.4503121372281699E-04
    0.5239063379270641E-04
    0.7358754009863248E-04
    0.1101410467542513E-03
    0.1439086304027418E-03
    0.1602105327041361E-03
    0.1607149712993466E-03
    0.1536306915842207E-03
    0.1561461622038128E-03
    0.1643520217983755E-03
    0.1700488611304064E-03
    0.1668584034316039E-03
    0.1576945637891660E-03
    0.1438788789960645E-03
    0.1302374814307061E-03
    0.1196232193312339E-03
    0.1119151010096671E-03
    0.1042695393690224E-03
    0.9664781924697536E-04
    0.8750714836012639E-04
  
    0.2225737622821973E-08
    0.2226205796785854E-08
    0.2226498729468459E-08
    0.2226823645213589E-08
    0.2227144154252683E-08
    0.2227466332825564E-08
    0.2227788928725711E-08
    0.2228111999272390E-08
    0.2228435437637753E-08
    0.2228760014134736E-08
    0.2229104330089770E-08
    0.2229839937896040E-08
    0.2237396474308553E-08
    0.2345241522048603E-08
    0.3647012479189313E-08
    0.1590324790612699E-07
    0.1024480906000966E-06
    0.5678643740925565E-06
    0.2268024190971321E-05
    0.5080399864753206E-05
    0.7184306533834455E-05
    0.8109575521829969E-05
    0.7720117061144724E-05
    0.6269075580281813E-05
    0.4792798697117581E-05
    0.4101358998157137E-05
    0.4025581378316612E-05
    0.5034739256437837E-05
    0.1772437158427810E-04
    0.4166403482274080E-04
    0.5553416792475737E-04
    0.7309019706219492E-04
    0.1082002558674878E-03
    0.1459373612206127E-03
    0.1757899234954122E-03
    0.1883986768529436E-03
    0.1826572077472246E-03
    0.1784034925850631E-03
    0.1840323477404103E-03
    0.1911515210178248E-03
    0.1907336427984480E-03
    0.1814367090395775E-03
    0.1667740950292099E-03
    0.1508969958580293E-03
    0.1378586261037104E-03
    0.1286089722901450E-03
    0.1195667287527522E-03
    0.1102315918447740E-03
    0.1023950532162979E-03
    0.9319355794129991E-04
  
    0.2225739255370158E-08
    0.2226207417770561E-08
    0.2226500341654537E-08
    0.2226825247058585E-08
    0.2227145744963490E-08
    0.2227467911574554E-08
    0.2227790494847566E-08
    0.2228113552448773E-08
    0.2228436985833969E-08
    0.2228761791341394E-08
    0.2229112198507571E-08
    0.2229983113501106E-08
    0.2240123034123673E-08
    0.2389090775812467E-08
    0.4213025269132063E-08
    0.2146394394377369E-07
    0.1421216368163460E-06
    0.7821696831662874E-06
    0.2877868279871086E-05
    0.5911749199758070E-05
    0.7835941674906706E-05
    0.8582183488958857E-05
    0.7836565321733237E-05
    0.6199823610101825E-05
    0.4829836251606621E-05
    0.4407101099435270E-05
    0.4579647367354941E-05
    0.5966227253126865E-05
    0.2392447994188509E-04
    0.5158364176266130E-04
    0.7404083244660922E-04
    0.1079018041097385E-03
    0.1509567963894764E-03
    0.1853724403795926E-03
    0.2164981685459278E-03
    0.2170761640419290E-03
    0.2095496360823076E-03
    0.2080545431320061E-03
    0.2149780934969654E-03
    0.2186752985955964E-03
    0.2106468212362431E-03
    0.1964477958970420E-03
    0.1782775459053203E-03
    0.1620099622598029E-03
    0.1503790624531092E-03
    0.1390272879717054E-03
    0.1274982374102918E-03
    0.1172142856471032E-03
    0.1088831607795966E-03
    0.9808651547601254E-04
  
    0.2225746351917284E-08
    0.2226214456796673E-08
    0.2226507305127652E-08
    0.2226832109288717E-08
    0.2227152479969433E-08
    0.2227474491207348E-08
    0.2227796893135494E-08
    0.2228119743717245E-08
    0.2228442955043589E-08
    0.2228767803218791E-08
    0.2229125663704047E-08
    0.2230172817994795E-08
    0.2243777992350012E-08
    0.2449285508256128E-08
    0.5004688541972480E-08
    0.2930584739463148E-07
    0.1974559021386188E-06
    0.1073047008084930E-05
    0.3602106883674097E-05
    0.6776980354030477E-05
    0.8521688968773028E-05
    0.9009811695278575E-05
    0.7909693286270233E-05
    0.6152911151827214E-05
    0.5002208192357063E-05
    0.4890376450758560E-05
    0.5339108778194285E-05
    0.7149157113892559E-05
    0.3245834730450605E-04
    0.6674534563473128E-04
    0.1072464315480893E-03
    0.1565061509594487E-03
    0.2011083144316553E-03
    0.2377649575404190E-03
    0.2533882353341473E-03
    0.2468912661224181E-03
    0.2395215448683335E-03
    0.2422505352693368E-03
    0.2521982450388894E-03
    0.2480754714445070E-03
    0.2360472235765657E-03
    0.2153323405749875E-03
    0.1945380500937735E-03
    0.1787497430675955E-03
    0.1632470063091235E-03
    0.1478576928897015E-03
    0.1341972452039671E-03
    0.1224668498394194E-03
    0.1128073916787985E-03
    0.1001240951326461E-03
  
    0.2225866762023692E-08
    0.2226338138011059E-08
    0.2226632339387025E-08
    0.2226958364728159E-08
    0.2227279400070277E-08
    0.2227601548395578E-08
    0.2227923489148437E-08
    0.2228245253238697E-08
    0.2228566744789639E-08
    0.2228889494164160E-08
    0.2229253899946030E-08
    0.2230526142305264E-08
    0.2248759405493594E-08
    0.2531895068003663E-08
    0.6112644592681237E-08
    0.4038777653166056E-07
    0.2747642506117802E-06
    0.1458645665549973E-05
    0.4452138661247061E-05
    0.7668867184065384E-05
    0.9244819357925939E-05
    0.9390537826028845E-05
    0.7952459761886886E-05
    0.6176268449164463E-05
    0.5363904496965954E-05
    0.5599074591682703E-05
    0.6381092551608245E-05
    0.8732192322791639E-05
    0.4432516777509814E-04
    0.9352693125566382E-04
    0.1592430915771368E-03
    0.2202477927304034E-03
    0.2651624899050854E-03
    0.2845322889708136E-03
    0.2861555981810254E-03
    0.2797391763152605E-03
    0.2773890115821550E-03
    0.2925425744234140E-03
    0.2975771729054373E-03
    0.2896205198942665E-03
    0.2659971617737583E-03
    0.2379105873955909E-03
    0.2143465580340231E-03
    0.1920108918914696E-03
    0.1707506262965103E-03
    0.1522349586019651E-03
    0.1368479379827066E-03
    0.1237302037468286E-03
    0.1129631210376183E-03
    0.9939186016851806E-04
  
    0.2228067549190077E-08
    0.2228681919978811E-08
    0.2229061436434245E-08
    0.2229480146122363E-08
    0.2229888175859271E-08
    0.2230293589032782E-08
    0.2230691733649557E-08
    0.2231082235569552E-08
    0.2231463784801338E-08
    0.2231836602855105E-08
    0.2232250679084152E-08
    0.2233841930272855E-08
    0.2258253434048009E-08
    0.2647831557956435E-08
    0.7667094808514166E-08
    0.5608896864394758E-07
    0.3831905597606719E-06
    0.1962050415292918E-05
    0.5435996500314447E-05
    0.8590299992192711E-05
    0.9986932358418920E-05
    0.9720117149717427E-05
    0.7993930186265767E-05
    0.6344981305621069E-05
    0.5968261180905482E-05
    0.6592596809675579E-05
    0.7856291326673460E-05
    0.1096054939819373E-04
    0.6132620221122315E-04
    0.1398001941145123E-03
    0.2328773718724521E-03
    0.3020731377742793E-03
    0.3230341032416970E-03
    0.3182579011719374E-03
    0.3220431714473150E-03
    0.3230558544372832E-03
    0.3443459548713783E-03
    0.3629730844240048E-03
    0.3608930667139621E-03
    0.3339049068862311E-03
    0.2941143912067458E-03
    0.2574422618421558E-03
    0.2247429501335446E-03
    0.1951976982110776E-03
    0.1707134569054759E-03
    0.1511051035097954E-03
    0.1350506825468159E-03
    0.1214963880336679E-03
    0.1106274389097799E-03
    0.9674244073501100E-04
  
    0.2263235881876583E-08
    0.2267465972338300E-08
    0.2270248584419326E-08
    0.2273417143694444E-08
    0.2276644342960936E-08
    0.2279979484415255E-08
    0.2283404377245421E-08
    0.2286910292918687E-08
    0.2290484203404469E-08
    0.2294114458079621E-08
    0.2297852616074582E-08
    0.2303157262335585E-08
    0.2339077832071559E-08
    0.2877735619600415E-08
    0.9920755482490365E-08
    0.7846850021614892E-07
    0.5361497227910996E-06
    0.2609746458277691E-05
    0.6556259072708928E-05
    0.9545792146474166E-05
    0.1072936735914718E-04
    0.1000885103845908E-04
    0.8090913355803003E-05
    0.6747149625340437E-05
    0.6878981966688189E-05
    0.8021308362738186E-05
    0.9989575466542405E-05
    0.1395366779410370E-04
    0.8766532817366762E-04
    0.2103792550424113E-03
    0.3243793745518743E-03
    0.3761666792569032E-03
    0.3498386953175343E-03
    0.3543903631019953E-03
    0.3701603412203141E-03
    0.4123287850233205E-03
    0.4460819911050381E-03
    0.4542339257281640E-03
    0.4249546579389351E-03
    0.3656391719250439E-03
    0.3089935817561832E-03
    0.2614507158242930E-03
    0.2212938740285279E-03
    0.1899744545061321E-03
    0.1658087799016331E-03
    0.1465884969867895E-03
    0.1308473046490903E-03
    0.1174040231664107E-03
    0.1064056024967037E-03
    0.9183692914904407E-04
  
    0.2732342665055194E-08
    0.2802314937409950E-08
    0.2851916723569732E-08
    0.2910429842850303E-08
    0.2973345512472417E-08
    0.3041952216573146E-08
    0.3116630007683565E-08
    0.3197999198262111E-08
    0.3286744582477053E-08
    0.3383663766171189E-08
    0.3489766090269524E-08
    0.3608079163908896E-08
    0.3778881365763928E-08
    0.4654163454264154E-08
    0.1469170043689311E-07
    0.1121180319318606E-06
    0.7551649922957307E-06
    0.3432471847402487E-05
    0.7802378971855095E-05
    0.1055341213016141E-04
    0.1147092965142190E-04
    0.1028477728059150E-04
    0.8339359179824727E-05
    0.7479647296728209E-05
    0.8217810889546012E-05
    0.1012627821450179E-04
    0.1299561425615285E-04
    0.1759729595792713E-04
    0.1254521531170989E-03
    0.2944442316175498E-03
    0.3969411547537586E-03
    0.4082757061497831E-03
    0.3624916764123159E-03
    0.3941832003824402E-03
    0.4686363477476039E-03
    0.5501524559826601E-03
    0.5790684900294628E-03
    0.5519399145536765E-03
    0.4616650586950001E-03
    0.3745258030766735E-03
    0.3055311646460322E-03
    0.2517452455669217E-03
    0.2121066632393940E-03
    0.1826216229882239E-03
    0.1597228357926299E-03
    0.1410377165167115E-03
    0.1251395736103517E-03
    0.1110666432297128E-03
    0.9936064910264709E-04
    0.8388069975576583E-04
  
    0.7647028976716733E-08
    0.8581329878515044E-08
    0.9280387879352754E-08
    0.1012743280212945E-07
    0.1107467226255299E-07
    0.1214835081518218E-07
    0.1336579865533408E-07
    0.1475059325491641E-07
    0.1633169171985444E-07
    0.1814474342761904E-07
    0.2023424733231942E-07
    0.2265864420341042E-07
    0.2554177729212310E-07
    0.2987414118311677E-07
    0.4771637336592241E-07
    0.1908151036125324E-06
    0.1103797692911852E-05
    0.4500294414774755E-05
    0.9195149543502892E-05
    0.1170878433897200E-04
    0.1225781943990223E-04
    0.1070238754620701E-04
    0.8984132190264742E-05
    0.8841033062920512E-05
    0.1050177322887616E-04
    0.1356921856577337E-04
    0.1735453796085073E-04
    0.2189944213495164E-04
    0.1621527219466798E-03
    0.3403229138395836E-03
    0.4080089152133102E-03
    0.3845143835000672E-03
    0.3332610042411697E-03
    0.4602452528391906E-03
    0.6550396158124369E-03
    0.7626402316424630E-03
    0.7416854756946867E-03
    0.6053312985155774E-03
    0.4686490944418197E-03
    0.3665288862983606E-03
    0.2933989768343537E-03
    0.2421808134908714E-03
    0.2050295655466162E-03
    0.1762912301866118E-03
    0.1528233619343711E-03
    0.1328637319477211E-03
    0.1156038298099524E-03
    0.1004774936074387E-03
    0.8816155958504848E-04
    0.7325495309452205E-04
  
    0.4346228777639275E-07
    0.5177104550342972E-07
    0.5824615095495147E-07
    0.6627203625742923E-07
    0.7554821719678560E-07
    0.8642719633209330E-07
    0.9918670080511127E-07
    0.1141829777050874E-06
    0.1319138435868367E-06
    0.1530196090495132E-06
    0.1783422126315956E-06
    0.2089995771939145E-06
    0.2464833390965697E-06
    0.2939353655393179E-06
    0.3710702581361560E-06
    0.6419684251626499E-06
    0.2022189891309329E-05
    0.6349793311508804E-05
    0.1138728036212904E-04
    0.1389604401284987E-04
    0.1430421378079725E-04
    0.1307377035573252E-04
    0.1273863447536337E-04
    0.1521868501108660E-04
    0.2115290002879435E-04
    0.3100196429624966E-04
    0.4452030490388879E-04
    0.5845208273427188E-04
    0.2269778823784540E-03
    0.3379659454497120E-03
    0.3861007360417949E-03
    0.3644373084642970E-03
    0.3212000258743903E-03
    0.7036339100171595E-03
    0.1067113549375375E-02
    0.1082600680399848E-02
    0.8729834716429524E-03
    0.6415064147427841E-03
    0.4730224382050767E-03
    0.3629201010103111E-03
    0.2897425640020244E-03
    0.2378625415671758E-03
    0.1985420687580194E-03
    0.1669876268115190E-03
    0.1409867781561354E-03
    0.1194613444807113E-03
    0.1018540895893645E-03
    0.8762636722591513E-04
    0.7688789424278557E-04
    0.6490515339279501E-04
  
    0.1413094125440983E-06
    0.1638039888021925E-06
    0.1807057314894686E-06
    0.2012731798334492E-06
    0.2244803041917322E-06
    0.2512577039921447E-06
    0.2825199872717501E-06
    0.3195037937154688E-06
    0.3638160176800587E-06
    0.4173221821062636E-06
    0.4819718779742176E-06
    0.5605971088649368E-06
    0.6575897993153505E-06
    0.7806537571807782E-06
    0.9623895244030001E-06
    0.1445672968630450E-05
    0.3525245955529453E-05
    0.8991640408623701E-05
    0.1442165162388423E-04
    0.1727465538492354E-04
    0.1816746022240860E-04
    0.1867194082149352E-04
    0.2191205724869307E-04
    0.3048363996977175E-04
    0.4610278898035003E-04
    0.6988901594184032E-04
    0.9535966793060059E-04
    0.1075343032988219E-03
    0.1534569815559636E-03
    0.1309036767741360E-03
    0.1541061062910153E-03
    0.1635480438648503E-03
    0.1762893428926184E-03
    0.1175076757177357E-02
    0.1558846176228583E-02
    0.1279975500078176E-02
    0.8638109757570680E-03
    0.5807898875500630E-03
    0.4167659077131177E-03
    0.3156828930412154E-03
    0.2473013761067001E-03
    0.1979121432884408E-03
    0.1609042298900251E-03
    0.1328240165102316E-03
    0.1114180686367727E-03
    0.9504975669615089E-04
    0.8254530874588611E-04
    0.7289301989248305E-04
    0.6575953522778235E-04
    0.5759299741074764E-04
  
    0.2702868648282328E-06
    0.3103917756831388E-06
    0.3418147867478294E-06
    0.3809813301737073E-06
    0.4263839692438855E-06
    0.4796975291763587E-06
    0.5423413740631596E-06
    0.6159590588036120E-06
    0.7028209336211836E-06
    0.8060965306367517E-06
    0.9303652880522784E-06
    0.1082252401330241E-05
    0.1272136083852124E-05
    0.1518449493578316E-05
    0.1884975401642007E-05
    0.2752301850928025E-05
    0.5951109179168516E-05
    0.1299352167176309E-04
    0.1920613373876467E-04
    0.2312603818637234E-04
    0.2555103530259011E-04
    0.2928983770384839E-04
    0.3812038009571243E-04
    0.5582810389449322E-04
    0.8344646334257457E-04
    0.1139552403388326E-03
    0.1319213795796313E-03
    0.1293462214190132E-03
    0.1853558385418148E-03
    0.1441754805356605E-03
    0.1774528306170841E-03
    0.2533058808070260E-03
    0.4249183361803414E-03
    0.2906915357090415E-02
    0.2278803041965019E-02
    0.1477230091535750E-02
    0.9105277731453518E-03
    0.5919833109576586E-03
    0.4107011439649832E-03
    0.3018601895263824E-03
    0.2327352346943655E-03
    0.1860176677696894E-03
    0.1528146641366423E-03
    0.1283672057523572E-03
    0.1098342258330878E-03
    0.9556702838221268E-04
    0.8443266261963771E-04
    0.7549026997015373E-04
    0.6860118079625475E-04
    0.6030668521253340E-04
  
    0.4402684811349123E-06
    0.5102671180976424E-06
    0.5638595872577149E-06
    0.6293250536798984E-06
    0.7035753167874573E-06
    0.7886419922720875E-06
    0.8864410320995896E-06
    0.1000020075572269E-05
    0.1133624717434770E-05
    0.1295647200926059E-05
    0.1501582152915519E-05
    0.1774911559930403E-05
    0.2147790407676584E-05
    0.2671161597829452E-05
    0.3457685745419763E-05
    0.5069737099632152E-05
    0.9982767834500624E-05
    0.1893674998448256E-04
    0.2606059204939291E-04
    0.3126159296297568E-04
    0.3578896103566774E-04
    0.4377216786960944E-04
    0.6031856457017518E-04
    0.8761107959285628E-04
    0.1179311838751333E-03
    0.1375958973029900E-03
    0.1411350334534686E-03
    0.1372811138434206E-03
    0.2105330317137994E-03
    0.1820932524960437E-03
    0.2491030450422029E-03
    0.3748157429583008E-03
    0.5154316800565674E-03
    0.1048473011028362E-02
    0.6311788012284218E-03
    0.5090493192801996E-03
    0.3965893046639681E-03
    0.3095780700311580E-03
    0.2478931133988149E-03
    0.2034196282604750E-03
    0.1700702109323219E-03
    0.1444951341277480E-03
    0.1245660846818462E-03
    0.1088160482351695E-03
    0.9625974262458376E-04
    0.8611543757850506E-04
    0.7777861767205608E-04
    0.7079204795640493E-04
    0.6521133488613505E-04
    0.5809221687515512E-04
  
    0.6526362757134262E-06
    0.7481666899385829E-06
    0.8178751951068149E-06
    0.9016945373557995E-06
    0.9955338558794501E-06
    0.1105934864972782E-05
    0.1241142040579519E-05
    0.1413526472639211E-05
    0.1639818970704516E-05
    0.1941570826040063E-05
    0.2347072569096878E-05
    0.2892678909434956E-05
    0.3623941760883805E-05
    0.4601257731323535E-05
    0.5945231248614930E-05
    0.8444943622585163E-05
    0.1535013242311263E-04
    0.2609294962823269E-04
    0.3417342761703153E-04
    0.4076810261557560E-04
    0.4805443432545403E-04
    0.6200612584292784E-04
    0.8660290005509597E-04
    0.1149154512297466E-03
    0.1342431507171930E-03
    0.1424537229664980E-03
    0.1405498037269405E-03
    0.1491417619551380E-03
    0.2321370483412193E-03
    0.2297433418609523E-03
    0.3000073673407555E-03
    0.3767205204905169E-03
    0.4330746195309137E-03
    0.6769556921122183E-03
    0.4086822528653916E-03
    0.3548816685315849E-03
    0.3052267294930091E-03
    0.2569727129101624E-03
    0.2167977487841769E-03
    0.1848931634481178E-03
    0.1588967306257923E-03
    0.1374683362887642E-03
    0.1199530782845511E-03
    0.1058032321310937E-03
    0.9439268232105462E-04
    0.8502488011485635E-04
    0.7721858077529770E-04
    0.7049866723201381E-04
    0.6498056006413867E-04
    0.5783691696236236E-04
  
    0.8357139021820462E-06
    0.9439033729303405E-06
    0.1030929054948234E-05
    0.1145959495386753E-05
    0.1291743446952081E-05
    0.1479635655625283E-05
    0.1723177974161483E-05
    0.2040847566113869E-05
    0.2456424383150022E-05
    0.2997226118289902E-05
    0.3694163036456504E-05
    0.4576162493469512E-05
    0.5672209294355408E-05
    0.7040509295490326E-05
    0.8871307847355653E-05
    0.1236768324833909E-04
    0.2166222604959232E-04
    0.3406912906078166E-04
    0.4319289687456014E-04
    0.5136193309705380E-04
    0.6326032701368489E-04
    0.8413551056297474E-04
    0.1100520022651947E-03
    0.1292230188031323E-03
    0.1388666011073817E-03
    0.1401113716635147E-03
    0.1442207783912614E-03
    0.1658487393968310E-03
    0.2510744989806746E-03
    0.2569011034766566E-03
    0.2916549440800211E-03
    0.3139651296598497E-03
    0.3113069476769394E-03
    0.4544570267628920E-03
    0.2896920952952250E-03
    0.2542754617111628E-03
    0.2321600495926369E-03
    0.2092242528105027E-03
    0.1850158608076865E-03
    0.1631709770576116E-03
    0.1447508759939476E-03
    0.1290014285724726E-03
    0.1152561799051601E-03
    0.1033337483758944E-03
    0.9312020054887802E-04
    0.8439684832298667E-04
    0.7686391788925936E-04
    0.7021050791387281E-04
    0.6466382954196844E-04
    0.5744018214134886E-04
  
    0.1005444226906613E-05
    0.1172867503154395E-05
    0.1321377325286364E-05
    0.1520437614890461E-05
    0.1773330124057314E-05
    0.2097036414382410E-05
    0.2509128792741007E-05
    0.3027938236635848E-05
    0.3671560869163380E-05
    0.4454296592871574E-05
    0.5396969052528924E-05
    0.6531738486608342E-05
    0.7922116804606094E-05
    0.9666070695560095E-05
    0.1202873761067589E-04
    0.1681859826559643E-04
    0.2896502692434797E-04
    0.4261726185795420E-04
    0.5301500093990781E-04
    0.6437279944380997E-04
    0.8210143082799202E-04
    0.1054135807982838E-03
    0.1248239486413514E-03
    0.1351913553320726E-03
    0.1385198419104000E-03
    0.1412316400801409E-03
    0.1542534389330164E-03
    0.1828762605435597E-03
    0.2568791463475215E-03
    0.2496310290698311E-03
    0.2515156502667837E-03
    0.2398116064155634E-03
    0.2290876478135501E-03
    0.3278442310439667E-03
    0.2234318614331727E-03
    0.1947907072452824E-03
    0.1784514516096830E-03
    0.1665793735912327E-03
    0.1530914691775333E-03
    0.1401152737810842E-03
    0.1278911121051896E-03
    0.1170460254366810E-03
    0.1075407092860216E-03
    0.9900119610456105E-04
    0.9084773716582490E-04
    0.8311723090550402E-04
    0.7590246149028848E-04
    0.6927660637082296E-04
    0.6370808338256994E-04
    0.5645889509791628E-04
  
    0.1282521215355425E-05
    0.1559776640261979E-05
    0.1806791804326505E-05
    0.2130744138503147E-05
    0.2528094065932533E-05
    0.3013611058250620E-05
    0.3596660212096979E-05
    0.4287038864381860E-05
    0.5096361296355403E-05
    0.6047868592244503E-05
    0.7179803292876012E-05
    0.8560960135867387E-05
    0.1027069807630399E-04
    0.1245399830811943E-04
    0.1543710576951406E-04
    0.2178678779353498E-04
    0.3696459013597256E-04
    0.5192817851812512E-04
    0.6496161650631519E-04
    0.8088437465447824E-04
    0.1020262135303631E-03
    0.1216999447156278E-03
    0.1330858626901516E-03
    0.1377641034605280E-03
    0.1399025023909875E-03
    0.1481486674876689E-03
    0.1662244036270371E-03
    0.1935558827142602E-03
    0.2438870691024574E-03
    0.2224812907443941E-03
    0.2054493077121167E-03
    0.1870745549513436E-03
    0.1842006852986415E-03
    0.2527120272558857E-03
    0.1836545885078475E-03
    0.1606137625180774E-03
    0.1466523673047785E-03
    0.1369445442772301E-03
    0.1284860572464781E-03
    0.1194986547575243E-03
    0.1114951493181086E-03
    0.1047038884069000E-03
    0.9801952813018130E-04
    0.9140408658205445E-04
    0.8516718582521449E-04
    0.7919506445621854E-04
    0.7331542555935716E-04
    0.6754416931809968E-04
    0.6242704412191510E-04
    0.5536272382526562E-04
  
    0.1730475748671304E-05
    0.2155717739812726E-05
    0.2513571641036745E-05
    0.2961194942552845E-05
    0.3484240882649041E-05
    0.4092146302454574E-05
    0.4789732551810567E-05
    0.5589294529335782E-05
    0.6524434747072916E-05
    0.7640964842376987E-05
    0.8997103816089391E-05
    0.1068379557368016E-04
    0.1279954425232751E-04
    0.1539559598993760E-04
    0.1884380019564817E-04
    0.2725870071253364E-04
    0.4624294860331564E-04
    0.6320382123174382E-04
    0.7979751610919514E-04
    0.1000423208384286E-03
    0.1204073294788258E-03
    0.1335118883680966E-03
    0.1393079492792582E-03
    0.1417697073954491E-03
    0.1467111575075712E-03
    0.1588748565367728E-03
    0.1759298865526384E-03
    0.1921243464843879E-03
    0.2195877918763665E-03
    0.1903772692710933E-03
    0.1693887045047794E-03
    0.1568771807025413E-03
    0.1584547760813211E-03
    0.2056957181166816E-03
    0.1582515320947698E-03
    0.1393144188469911E-03
    0.1267951284487351E-03
    0.1182813918730432E-03
    0.1118074699419738E-03
    0.1052935495821775E-03
    0.9845358617142177E-04
    0.9267189027395819E-04
    0.8742848479086017E-04
    0.8239461646334460E-04
    0.7718363791278195E-04
    0.7212131984977123E-04
    0.6753370815314125E-04
    0.6323692118511041E-04
    0.5939896212137814E-04
    0.5362827001461751E-04
  
    0.2339707469306461E-05
    0.2902133120259342E-05
    0.3348821192143254E-05
    0.3889140906845333E-05
    0.4492354500005569E-05
    0.5170484820728422E-05
    0.5951732331335724E-05
    0.6870634331401256E-05
    0.7966494973415670E-05
    0.9312262378481726E-05
    0.1097698090640097E-04
    0.1297833799550660E-04
    0.1535437838500367E-04
    0.1820832176691674E-04
    0.2214240533693273E-04
    0.3378621949201680E-04
    0.5733342131961518E-04
    0.7706901360364146E-04
    0.9801104814765654E-04
    0.1212519676114832E-03
    0.1372007290883781E-03
    0.1445724522202534E-03
    0.1482625081924003E-03
    0.1507480916088086E-03
    0.1577487658759499E-03
    0.1690097204936918E-03
    0.1776540186421304E-03
    0.1810024356031190E-03
    0.1927539955987015E-03
    0.1631646138030519E-03
    0.1475166852645109E-03
    0.1411516550264820E-03
    0.1427443226122534E-03
    0.1754141594440761E-03
    0.1414730919516071E-03
    0.1255276520927143E-03
    0.1136542933888725E-03
    0.1054394901274036E-03
    0.9965190728486591E-04
    0.9462781184935678E-04
    0.8890634701369526E-04
    0.8262395685419256E-04
    0.7725269011677632E-04
    0.7260376173113212E-04
    0.6834688342274616E-04
    0.6441037281251476E-04
    0.6065590347573386E-04
    0.5714480553680563E-04
    0.5425691793881152E-04
    0.5027707489516209E-04
  
    0.3048424624878491E-05
    0.3713856658652684E-05
    0.4210546535327714E-05
    0.4797927018259608E-05
    0.5458386233129264E-05
    0.6225068380496816E-05
    0.7124026214526243E-05
    0.8219396045120376E-05
    0.9554462120363435E-05
    0.1114219869278846E-04
    0.1299478978809983E-04
    0.1518359252727147E-04
    0.1773086115656207E-04
    0.2083879527467566E-04
    0.2556511440552090E-04
    0.4217225872566009E-04
    0.7070514550377700E-04
    0.9471356872254253E-04
    0.1220459544820821E-03
    0.1451071156441815E-03
    0.1558237633099138E-03
    0.1614488258173324E-03
    0.1614967069920796E-03
    0.1637248598373804E-03
    0.1696726368011103E-03
    0.1733393786067755E-03
    0.1721862858210104E-03
    0.1667558369713633E-03
    0.1697055021077336E-03
    0.1460791492910771E-03
    0.1371295101257590E-03
    0.1331640685243705E-03
    0.1334273909560751E-03
    0.1554304587733239E-03
    0.1293402264337585E-03
    0.1153407991147718E-03
    0.1039384887183940E-03
    0.9568819095673279E-04
    0.8957022034866316E-04
    0.8453457183180356E-04
    0.7957323398572686E-04
    0.7427148640685443E-04
    0.6883717148169272E-04
    0.6414872586585643E-04
    0.6023736906628191E-04
    0.5687353993688799E-04
    0.5394193282328608E-04
    0.5130764086312206E-04
    0.4916929245652556E-04
    0.4623974953426039E-04
  
    0.3782844091332711E-05
    0.4496041156318636E-05
    0.5031608898275106E-05
    0.5682259258396764E-05
    0.6427209547000792E-05
    0.7328330652967676E-05
    0.8417110148534066E-05
    0.9697531085141410E-05
    0.1116785448235532E-04
    0.1288489740908890E-04
    0.1486015408247770E-04
    0.1712564355180673E-04
    0.1986751668448472E-04
    0.2349264194229833E-04
    0.2944429715426049E-04
    0.5309112225554489E-04
    0.8723076535515775E-04
    0.1215725792644875E-03
    0.1552420151773435E-03
    0.1755120970060630E-03
    0.1835383262096896E-03
    0.1813797579908977E-03
    0.1778356674311837E-03
    0.1775042777814020E-03
    0.1764445105786343E-03
    0.1723346747153038E-03
    0.1643208606809084E-03
    0.1540728990072388E-03
    0.1556272933446857E-03
    0.1391736258110695E-03
    0.1333785753714504E-03
    0.1292994128971897E-03
    0.1269864315407400E-03
    0.1403829166981603E-03
    0.1186166935282531E-03
    0.1059975298002005E-03
    0.9529123937233698E-04
    0.8685654982597886E-04
    0.8017094931826373E-04
    0.7479325594329852E-04
    0.7017628824429951E-04
    0.6583448572766640E-04
    0.6171130500012468E-04
    0.5778948996533509E-04
    0.5424773533436499E-04
    0.5126987774506623E-04
    0.4870824659891821E-04
    0.4656300947179691E-04
    0.4489536712044281E-04
    0.4286779749827285E-04
  
    0.4476804074794824E-05
    0.5237051708013934E-05
    0.5832852197826004E-05
    0.6584509965352765E-05
    0.7482456205816011E-05
    0.8528486991478319E-05
    0.9716596652335645E-05
    0.1107898712858007E-04
    0.1265473449202871E-04
    0.1442037083496265E-04
    0.1642543243519953E-04
    0.1883887803132523E-04
    0.2203840719820004E-04
    0.2652030633751209E-04
    0.3352787690134908E-04
    0.6753550894159066E-04
    0.1141105072743844E-03
    0.1668302916675349E-03
    0.2042886348986982E-03
    0.2204111958153666E-03
    0.2164190052889104E-03
    0.2032185476248024E-03
    0.1941887781090724E-03
    0.1874148980097106E-03
    0.1804013368223605E-03
    0.1708639831204234E-03
    0.1588330356166108E-03
    0.1485218719842325E-03
    0.1502276128458064E-03
    0.1376233406858217E-03
    0.1316574503759403E-03
    0.1252161263355094E-03
    0.1195104752184306E-03
    0.1264877429753012E-03
    0.1078713481282457E-03
    0.9634694252549980E-04
    0.8614994143849088E-04
    0.7781692610326481E-04
    0.7121567429197340E-04
    0.6607354876907977E-04
    0.6195355578340483E-04
    0.5854042204726926E-04
    0.5553100970108907E-04
    0.5283663096638722E-04
    0.5035615852916671E-04
    0.4798065398576415E-04
    0.4584857228074626E-04
    0.4391001647549102E-04
    0.4231615756652158E-04
    0.4033333165596269E-04
  
    0.5125868270857357E-05
    0.5977129490951550E-05
    0.6696368090317326E-05
    0.7567129301945199E-05
    0.8541799461231009E-05
    0.9639289067595671E-05
    0.1090499643486578E-04
    0.1232568405363233E-04
    0.1389630381129424E-04
    0.1567361553637634E-04
    0.1780989178514749E-04
    0.2066904889701485E-04
    0.2463262299564274E-04
    0.2964282407105656E-04
    0.3711153100520232E-04
    0.9091475011282014E-04
    0.1691740330180428E-03
    0.2455903591135163E-03
    0.2814760039757719E-03
    0.2786323685394972E-03
    0.2478159096330561E-03
    0.2243486271638703E-03
    0.2090016582151341E-03
    0.1981285966487947E-03
    0.1857410847047709E-03
    0.1720396557515755E-03
    0.1578667401248097E-03
    0.1470007709106939E-03
    0.1477434759432222E-03
    0.1355913692539360E-03
    0.1269547570535955E-03
    0.1174913471569203E-03
    0.1094589198754418E-03
    0.1127694914383978E-03
    0.9673193504858257E-04
    0.8608216066874584E-04
    0.7667601392308130E-04
    0.6915594107546789E-04
    0.6352792424260811E-04
    0.5940170045139992E-04
    0.5620523687490122E-04
    0.5361687497366653E-04
    0.5140877743862591E-04
    0.4944698519289344E-04
    0.4770690975585758E-04
    0.4607570572921881E-04
    0.4442659576251596E-04
    0.4273966405017895E-04
    0.4114191969538959E-04
    0.3867469549254592E-04
  
    0.5796560261318274E-05
    0.6794053896600077E-05
    0.7565832830546049E-05
    0.8472380387650734E-05
    0.9488888860228222E-05
    0.1065239935054651E-04
    0.1192440490007187E-04
    0.1332736962912393E-04
    0.1489942641456092E-04
    0.1682387395527691E-04
    0.1940864854270133E-04
    0.2295487141796998E-04
    0.2734768777518027E-04
    0.3218645537232814E-04
    0.3994850616999890E-04
    0.1452737950008472E-03
    0.2904764939225040E-03
    0.3815949651839895E-03
    0.3863760049636659E-03
    0.3289051359022145E-03
    0.2788199207972787E-03
    0.2461209653791498E-03
    0.2267364464876981E-03
    0.2088851360717160E-03
    0.1909208574027355E-03
    0.1721125160893821E-03
    0.1553293188832674E-03
    0.1438672948906280E-03
    0.1425777376103698E-03
    0.1284410021213159E-03
    0.1171127763057412E-03
    0.1063537632158104E-03
    0.9789959268286980E-04
    0.9931697012301259E-04
    0.8587420060406745E-04
    0.7683032830999759E-04
    0.6902107875261003E-04
    0.6290936155390418E-04
    0.5850537145563821E-04
    0.5530894573670142E-04
    0.5292973610719331E-04
    0.5095921409446396E-04
    0.4925497528604611E-04
    0.4767361688265871E-04
    0.4616450166848758E-04
    0.4471660181386357E-04
    0.4324419369653585E-04
    0.4163837634532829E-04
    0.4005426358717020E-04
    0.3726003733443544E-04
  
    0.6495084448881187E-05
    0.7539242860155771E-05
    0.8336876759701781E-05
    0.9295478006406009E-05
    0.1034662970218245E-04
    0.1149695498116265E-04
    0.1275431731350647E-04
    0.1416860842805650E-04
    0.1591782218956534E-04
    0.1829439210729897E-04
    0.2146711166583003E-04
    0.2535361749562375E-04
    0.2951076625845360E-04
    0.3342834536705145E-04
    0.4189851007162177E-04
    0.2916613537823825E-03
    0.5347874535309618E-03
    0.5778259896536445E-03
    0.4800648429956074E-03
    0.3748303587511282E-03
    0.3025177044886323E-03
    0.2633801110298616E-03
    0.2362156045508557E-03
    0.2114430954498747E-03
    0.1875467749822342E-03
    0.1651751623386322E-03
    0.1480122260324354E-03
    0.1362370813901622E-03
    0.1312928391010463E-03
    0.1160138024687210E-03
    0.1048559370630869E-03
    0.9515822705037812E-04
    0.8771499926877193E-04
    0.8868819931275552E-04
    0.7799196195837964E-04
    0.7077913342878719E-04
    0.6459627349285425E-04
    0.5968805777011333E-04
    0.5613233724369482E-04
    0.5352244936882932E-04
    0.5160740450946886E-04
    0.5001284880930326E-04
    0.4848981820981775E-04
    0.4690935878238750E-04
    0.4518985905175333E-04
    0.4339244342784599E-04
    0.4157866031646749E-04
    0.3969874925304532E-04
    0.3796097133433845E-04
    0.3501314534076159E-04
  
    0.7144617193028916E-05
    0.8217957515375820E-05
    0.9066010986476907E-05
    0.1002730655522157E-04
    0.1107078026763607E-04
    0.1218713301064019E-04
    0.1345655951498500E-04
    0.1502692925808036E-04
    0.1717802846131661E-04
    0.1996446455427713E-04
    0.2336026341537100E-04
    0.2698225990154734E-04
    0.3036582196329402E-04
    0.3339876625130037E-04
    0.4545875493866791E-04
    0.6420399889496124E-03
    0.8913933834177503E-03
    0.7468413778813900E-03
    0.5214277913757657E-03
    0.3761601371798416E-03
    0.3045467869650568E-03
    0.2643869572600733E-03
    0.2314583567766243E-03
    0.2022248884340891E-03
    0.1747985138273247E-03
    0.1530674097439488E-03
    0.1381451747422225E-03
    0.1254855439445905E-03
    0.1190147093163215E-03
    0.1056027534869485E-03
    0.9606557504155839E-04
    0.8790730224228973E-04
    0.8154593867999368E-04
    0.8250730720925849E-04
    0.7416750083023669E-04
    0.6845878929018979E-04
    0.6341472105647561E-04
    0.5918922447083429E-04
    0.5600832660564065E-04
    0.5349859212075424E-04
    0.5142665134302179E-04
    0.4957110530514757E-04
    0.4770810753919069E-04
    0.4574955930497923E-04
    0.4361606425062175E-04
    0.4133385872525511E-04
    0.3903966484442166E-04
    0.3679752895945289E-04
    0.3484343988465660E-04
    0.3194175580657967E-04
  
    0.7824406017145111E-05
    0.8976916430534508E-05
    0.9855119892055290E-05
    0.1084472007093777E-04
    0.1191062138749515E-04
    0.1315239342286730E-04
    0.1475133994169959E-04
    0.1698851429665148E-04
    0.1997282905538377E-04
    0.2384765143689896E-04
    0.2878329721894389E-04
    0.3608400560292997E-04
    0.5193578214907964E-04
    0.9396986314789949E-04
    0.1996703015735823E-03
    0.1630478811754063E-02
    0.1291948278834204E-02
    0.8528666291408358E-03
    0.5487228611338760E-03
    0.3924896970767640E-03
    0.3169361075252010E-03
    0.2686121359825486E-03
    0.2330519611673812E-03
    0.1999404795793002E-03
    0.1728581854168567E-03
    0.1535920593320676E-03
    0.1366246751480482E-03
    0.1219896064235925E-03
    0.1144285936421909E-03
    0.1023635095392341E-03
    0.9356695091889344E-04
    0.8621557545808226E-04
    0.8064037311503320E-04
    0.8147363099748988E-04
    0.7459256625795843E-04
    0.6957601429764137E-04
    0.6487977540823773E-04
    0.6051060854302777E-04
    0.5681816664500205E-04
    0.5360915656111476E-04
    0.5078038442633920E-04
    0.4821302047992660E-04
    0.4578604211451400E-04
    0.4337642314835313E-04
    0.4096580105264842E-04
    0.3848696346435153E-04
    0.3596803074481739E-04
    0.3354611887603235E-04
    0.3148399426608379E-04
    0.2872694933510356E-04
  
    0.8579661813523884E-05
    0.9792652950976440E-05
    0.1071353181787532E-04
    0.1178504814568862E-04
    0.1305779824612562E-04
    0.1478499379934857E-04
    0.1719575624031233E-04
    0.2050247028483271E-04
    0.2492144215493553E-04
    0.3078357697564310E-04
    0.3999179123033696E-04
    0.5838994412311208E-04
    0.9888071558470677E-04
    0.1701322424054805E-03
    0.2594626022419061E-03
    0.5767029140225974E-03
    0.3608322844083249E-03
    0.3101202244838483E-03
    0.2767453182340748E-03
    0.2647333813712630E-03
    0.2536480420252953E-03
    0.2383552458689097E-03
    0.2120267394524164E-03
    0.1846945505611524E-03
    0.1632865057058512E-03
    0.1439035896398752E-03
    0.1264339124024385E-03
    0.1128920801932908E-03
    0.1069674173611730E-03
    0.9751683939711439E-04
    0.9050648788657359E-04
    0.8474615178932341E-04
    0.8021435545869216E-04
    0.8083398029373240E-04
    0.7465924370725929E-04
    0.6954076573703528E-04
    0.6446719230423781E-04
    0.5950330574216635E-04
    0.5508341449764563E-04
    0.5116021836994434E-04
    0.4768223871777005E-04
    0.4459641306294446E-04
    0.4182471174019394E-04
    0.3927298595222444E-04
    0.3686273450233818E-04
    0.3456471872480261E-04
    0.3229673870927508E-04
    0.3004935982664041E-04
    0.2811783884106150E-04
    0.2569571769330709E-04
  
    0.9329471943794180E-05
    0.1062700283838119E-04
    0.1167585280202821E-04
    0.1302256239253320E-04
    0.1490036847489874E-04
    0.1749529721716942E-04
    0.2102088203867325E-04
    0.2556293370532857E-04
    0.3158593354039863E-04
    0.4075847198292214E-04
    0.5725345332778188E-04
    0.8711053017328365E-04
    0.1317898200844212E-03
    0.1779588064199951E-03
    0.2173429924526152E-03
    0.3815902493754273E-03
    0.2597866285202141E-03
    0.2648951353212549E-03
    0.2781784990577880E-03
    0.2858562780047491E-03
    0.2801146064959697E-03
    0.2542927065639564E-03
    0.2194939359520549E-03
    0.1892212356041562E-03
    0.1631791744215355E-03
    0.1404257282296797E-03
    0.1231475491277457E-03
    0.1115139657877528E-03
    0.1067963917538247E-03
    0.9896634301248418E-04
    0.9268056645853219E-04
    0.8695666721168479E-04
    0.8180481489221677E-04
    0.8084756148049317E-04
    0.7417839078053981E-04
    0.6821720131765227E-04
    0.6237907151756279E-04
    0.5672110695774686E-04
    0.5168005738308092E-04
    0.4725189539676413E-04
    0.4340860991167992E-04
    0.4011718060808121E-04
    0.3729224534744831E-04
    0.3484871423883287E-04
    0.3270730285907925E-04
    0.3080022700299631E-04
    0.2905693792891641E-04
    0.2734231088454439E-04
    0.2576838689866521E-04
    0.2365439014842891E-04
  
    0.1014383247626610E-04
    0.1168829842534858E-04
    0.1309335071026573E-04
    0.1508655700069025E-04
    0.1775269733354685E-04
    0.2118021276488470E-04
    0.2550835634414972E-04
    0.3122190794136781E-04
    0.3954705760361930E-04
    0.5315076490084251E-04
    0.7472787213818318E-04
    0.1032823482309859E-03
    0.1293131823436532E-03
    0.1463748439215227E-03
    0.1514270046937427E-03
    0.2739775837563632E-03
    0.2320368426928135E-03
    0.2768950421569804E-03
    0.3151916815469621E-03
    0.3314184332874189E-03
    0.3116293445082022E-03
    0.2662226117907497E-03
    0.2239203741421067E-03
    0.1896194660724610E-03
    0.1611414614311899E-03
    0.1402615174992547E-03
    0.1255899775327987E-03
    0.1152691104593088E-03
    0.1103016640065382E-03
    0.1020561737643168E-03
    0.9460084010055928E-04
    0.8736772710014628E-04
    0.8065847182018185E-04
    0.7773563785582503E-04
    0.7032615066881277E-04
    0.6370473598509711E-04
    0.5742780363620199E-04
    0.5155830817495912E-04
    0.4643766483203077E-04
    0.4202810525808413E-04
    0.3832323784673584E-04
    0.3532517206447571E-04
    0.3291024485952260E-04
    0.3095821482243295E-04
    0.2933208126207602E-04
    0.2792195817957693E-04
    0.2664627097625636E-04
    0.2539463335564092E-04
    0.2419232741891911E-04
    0.2228090554284273E-04
  
    0.1125033386360068E-04
    0.1321952440941568E-04
    0.1515585115471287E-04
    0.1771967993977336E-04
    0.2093190281106858E-04
    0.2495230300881155E-04
    0.3010780105845196E-04
    0.3738751675112153E-04
    0.4837165464352526E-04
    0.6426865883879994E-04
    0.8340453405403826E-04
    0.9937874608765057E-04
    0.1082212525106788E-03
    0.1065510090214996E-03
    0.1073578003601154E-03
    0.2332959583926843E-03
    0.2752315904580047E-03
    0.3599423793750733E-03
    0.4044278177928778E-03
    0.3976922275193796E-03
    0.3336517680762839E-03
    0.2722349768765343E-03
    0.2249172879100246E-03
    0.1888535830468233E-03
    0.1631407955989885E-03
    0.1444739962573826E-03
    0.1299903444785806E-03
    0.1184172464281151E-03
    0.1110642823644038E-03
    0.1008527170569431E-03
    0.9144669568443934E-04
    0.8265606528576745E-04
    0.7480168343309282E-04
    0.7062294873481692E-04
    0.6314987202675987E-04
    0.5654852207145872E-04
    0.5051991872389840E-04
    0.4518457029007720E-04
    0.4074862830964597E-04
    0.3707975732567103E-04
    0.3403698587365288E-04
    0.3160177082686016E-04
    0.2966583084015827E-04
    0.2809966777420523E-04
    0.2679815803134949E-04
    0.2566217312561919E-04
    0.2463421677045424E-04
    0.2364073731938000E-04
    0.2272366039064003E-04
    0.2111557982715182E-04
  
    0.1260996541210576E-04
    0.1512489773406140E-04
    0.1745102610626432E-04
    0.2039978238288646E-04
    0.2402883153147518E-04
    0.2858531560037201E-04
    0.3482098846371243E-04
    0.4372863372589454E-04
    0.5579097854278487E-04
    0.6929541134888728E-04
    0.7997135499086964E-04
    0.8519552081141471E-04
    0.8311445464391043E-04
    0.7799287249320723E-04
    0.8467602141567261E-04
    0.2690113540854039E-03
    0.4305097079576832E-03
    0.5402369969069831E-03
    0.5424845643851565E-03
    0.4483750754207254E-03
    0.3516703404170661E-03
    0.2789570186242591E-03
    0.2268185798324411E-03
    0.1909776766774157E-03
    0.1646178836147079E-03
    0.1438395717130870E-03
    0.1269380183247035E-03
    0.1131320869457753E-03
    0.1036944894861702E-03
    0.9227589998333156E-04
    0.8207785351790398E-04
    0.7285608752865060E-04
    0.6502094966894174E-04
    0.6097018070227865E-04
    0.5465253281802424E-04
    0.4926056309109774E-04
    0.4440991644265952E-04
    0.4014806588462844E-04
    0.3660084845819041E-04
    0.3365310875342741E-04
    0.3112134688705900E-04
    0.2902516810080951E-04
    0.2732629966587538E-04
    0.2594321979305652E-04
    0.2480438722863979E-04
    0.2382187002207694E-04
    0.2294667851578654E-04
    0.2212329333068197E-04
    0.2139566112994437E-04
    0.2013991938815148E-04
  
    0.1415708843043060E-04
    0.1707261243268587E-04
    0.1964893829434201E-04
    0.2285304665579700E-04
    0.2684120786796264E-04
    0.3217131088336866E-04
    0.3954431299463965E-04
    0.4888106753171212E-04
    0.5898236451571579E-04
    0.6665684084738860E-04
    0.7011210280083334E-04
    0.6827787904420645E-04
    0.6298472948877199E-04
    0.6046514189214111E-04
    0.7317183852519495E-04
    0.4560471200176778E-03
    0.7741364215864716E-03
    0.8137603962763872E-03
    0.6636898914880654E-03
    0.4889435943416711E-03
    0.3599159271334455E-03
    0.2757842795260520E-03
    0.2203107846172785E-03
    0.1815621129032970E-03
    0.1526937838587917E-03
    0.1298391372614791E-03
    0.1115508575022012E-03
    0.9698422031359616E-04
    0.8736115617859995E-04
    0.7727947103561563E-04
    0.6894212544847292E-04
    0.6177141575134976E-04
    0.5593915611019962E-04
    0.5327888997591963E-04
    0.4861410828822143E-04
    0.4449512512995624E-04
    0.4060023329403152E-04
    0.3706207762999543E-04
    0.3404603976553682E-04
    0.3151491455855480E-04
    0.2927077399308040E-04
    0.2734503225948075E-04
    0.2574782764229119E-04
    0.2443628834895183E-04
    0.2336607001600845E-04
    0.2246361814343976E-04
    0.2166777681798357E-04
    0.2094072478431607E-04
    0.2031054572743272E-04
    0.1930307563604271E-04
  
    0.1566911572380227E-04
    0.1888518982071196E-04
    0.2158921491168609E-04
    0.2513503186171017E-04
    0.2979202281701094E-04
    0.3590278030531678E-04
    0.4340011575657417E-04
    0.5116392361909266E-04
    0.5709450827204452E-04
    0.5952454013235604E-04
    0.5775128855843674E-04
    0.5270972801941934E-04
    0.4936899054301622E-04
    0.5144834606884158E-04
    0.7027069757240319E-04
    0.9508645603226597E-03
    0.1278107793859684E-02
    0.1047962733097779E-02
    0.7001479264277637E-03
    0.4654748120254790E-03
    0.3303868409529985E-03
    0.2484114549693613E-03
    0.1932665922352833E-03
    0.1537795839004878E-03
    0.1248542523547721E-03
    0.1039641443146018E-03
    0.8895025951140062E-04
    0.7815675450883260E-04
    0.7193346032378979E-04
    0.6521657434443579E-04
    0.5966348170557322E-04
    0.5474236037529690E-04
    0.5065657220642155E-04
    0.4899217459986231E-04
    0.4541995978583714E-04
    0.4204821286196565E-04
    0.3867238146970103E-04
    0.3550809885814953E-04
    0.3275121010967998E-04
    0.3043128075941283E-04
    0.2834216157607551E-04
    0.2649196392385705E-04
    0.2490907283201412E-04
    0.2357493508589932E-04
    0.2247350429747690E-04
    0.2156002844441001E-04
    0.2076555814699046E-04
    0.2004790462852844E-04
    0.1945583764671721E-04
    0.1856026962862353E-04
  
    0.1720207100885946E-04
    0.2069781598771690E-04
    0.2377186202297997E-04
    0.2792338477355605E-04
    0.3316582267375196E-04
    0.3947693455793457E-04
    0.4582718270323999E-04
    0.5090313377902542E-04
    0.5328749694382811E-04
    0.5279147974051938E-04
    0.5130934701890157E-04
    0.5549515166603092E-04
    0.7484233129356238E-04
    0.1348341331735851E-03
    0.2911084873156617E-03
    0.2387294891340085E-02
    0.1851553165281739E-02
    0.1185719439793839E-02
    0.7151989104785545E-03
    0.4540765965520329E-03
    0.3084053875643842E-03
    0.2228264805501909E-03
    0.1696880493911864E-03
    0.1349146342390073E-03
    0.1112120140495047E-03
    0.9441740146691347E-04
    0.8246421955457283E-04
    0.7369909762440860E-04
    0.6857578703392925E-04
    0.6286235189494575E-04
    0.5786725124066118E-04
    0.5323146809620948E-04
    0.4933043838944649E-04
    0.4763075862009029E-04
    0.4441608253335569E-04
    0.4133326429649348E-04
    0.3817239050723007E-04
    0.3515796355038321E-04
    0.3247261218941941E-04
    0.3020304432106127E-04
    0.2815653238106153E-04
    0.2630611230707137E-04
    0.2468972465271575E-04
    0.2328794270062713E-04
    0.2210470701041924E-04
    0.2112490241957519E-04
    0.2028703132583702E-04
    0.1953459649729909E-04
    0.1891968339074662E-04
    0.1805623778880275E-04
  
    0.1884451826270067E-04
    0.2284526823257296E-04
    0.2636745211185042E-04
    0.3100119380956866E-04
    0.3644879928481750E-04
    0.4194537683658698E-04
    0.4662523069624600E-04
    0.4938872644606599E-04
    0.5052479718939228E-04
    0.5239426962369243E-04
    0.6069115094864795E-04
    0.8275674713811687E-04
    0.1383083261229688E-03
    0.2428278662442987E-03
    0.3740626314598822E-03
    0.8307992903055898E-03
    0.4719606465218612E-03
    0.3694938869307104E-03
    0.2791459611405688E-03
    0.2121524966716841E-03
    0.1665276254213056E-03
    0.1354242536580291E-03
    0.1132324252847036E-03
    0.9693272718481487E-04
    0.8464765242600323E-04
    0.7530092961200376E-04
    0.6810381697306379E-04
    0.6241265746266101E-04
    0.5921084319890598E-04
    0.5514166214992603E-04
    0.5135799238345555E-04
    0.4767800240668980E-04
    0.4453382131105081E-04
    0.4322039478552514E-04
    0.4062123145855235E-04
    0.3808315160959513E-04
    0.3542968635036423E-04
    0.3287358043344642E-04
    0.3055670796211377E-04
    0.2859364097971330E-04
    0.2681158116432311E-04
    0.2515062824547963E-04
    0.2366399523608117E-04
    0.2234229069563225E-04
    0.2118744194505721E-04
    0.2021728212026465E-04
    0.1940162748117525E-04
    0.1867743839414329E-04
    0.1808375904272778E-04
    0.1729380952066516E-04
  
    0.2065313583249574E-04
    0.2514255150388011E-04
    0.2908853637673358E-04
    0.3395108506586052E-04
    0.3900755724661065E-04
    0.4354509651003865E-04
    0.4674743514594719E-04
    0.4902220848573720E-04
    0.5249128361290177E-04
    0.6117774863959731E-04
    0.7994855202414554E-04
    0.1190836552114339E-03
    0.1832454527088176E-03
    0.2521491684865536E-03
    0.3093767270399580E-03
    0.5273145745022162E-03
    0.2949632843319186E-03
    0.2489257756414861E-03
    0.2066828831845304E-03
    0.1688574068795432E-03
    0.1393289871439628E-03
    0.1177479980957111E-03
    0.1013439357335108E-03
    0.8842007193151142E-04
    0.7802286571480645E-04
    0.6980671758835805E-04
    0.6338992106258949E-04
    0.5831768093290988E-04
    0.5539894597797831E-04
    0.5173037358754161E-04
    0.4819203779039254E-04
    0.4472696871490720E-04
    0.4176131204697370E-04
    0.4048325090189098E-04
    0.3821284450273433E-04
    0.3596680240916595E-04
    0.3356490882300475E-04
    0.3125877590833580E-04
    0.2915922460256761E-04
    0.2739980713756192E-04
    0.2583230797071580E-04
    0.2435256235309030E-04
    0.2299842924979041E-04
    0.2177007594883535E-04
    0.2065362176900004E-04
    0.1968023002412956E-04
    0.1885633768707564E-04
    0.1813097510712950E-04
    0.1753441991552734E-04
    0.1676056132412294E-04
  
    0.2260017573547361E-04
    0.2775761846958657E-04
    0.3203094424409307E-04
    0.3679337638610006E-04
    0.4116587585588377E-04
    0.4451981982816565E-04
    0.4727203270615295E-04
    0.5114907765220570E-04
    0.5884822591948228E-04
    0.7342127605327230E-04
    0.1001407796525097E-03
    0.1396053708284121E-03
    0.1789076840338451E-03
    0.2050378167035612E-03
    0.2110846821312468E-03
    0.3436006421736158E-03
    0.2014857502700942E-03
    0.1717238808952873E-03
    0.1516854801495891E-03
    0.1325529543427745E-03
    0.1153902070072440E-03
    0.1008558204777643E-03
    0.8929624295710439E-04
    0.7998110703722627E-04
    0.7208467947863428E-04
    0.6531341835246495E-04
    0.5961751320671649E-04
    0.5493714619897118E-04
    0.5226493177245086E-04
    0.4898769076871446E-04
    0.4577755660320571E-04
    0.4248489027786437E-04
    0.3955048405857148E-04
    0.3813809149539926E-04
    0.3598353468484718E-04
    0.3386849314693278E-04
    0.3164909906324518E-04
    0.2955874633742620E-04
    0.2764147975603315E-04
    0.2603851312966202E-04
    0.2464534810621981E-04
    0.2333591731121876E-04
    0.2213603032650426E-04
    0.2105150366490745E-04
    0.2004925269043367E-04
    0.1914129535317135E-04
    0.1835199431711957E-04
    0.1765328348725425E-04
    0.1707255784853820E-04
    0.1631813032398251E-04
  
    0.2503287005950349E-04
    0.3072997634118772E-04
    0.3485083545657803E-04
    0.3896970795679875E-04
    0.4229903180508267E-04
    0.4517787367060259E-04
    0.4887463404554704E-04
    0.5518159096674915E-04
    0.6601568296420606E-04
    0.8451125488645795E-04
    0.1099444749616952E-03
    0.1337698217696258E-03
    0.1477302186091909E-03
    0.1465752986479278E-03
    0.1452397162264110E-03
    0.2378122142195288E-03
    0.1487207919745179E-03
    0.1260130130449579E-03
    0.1124172098867298E-03
    0.1022334752119662E-03
    0.9227438313810092E-04
    0.8372966060956459E-04
    0.7627965048826217E-04
    0.6987523952855090E-04
    0.6443222112502696E-04
    0.5977590893682597E-04
    0.5544720884385966E-04
    0.5150288840835342E-04
    0.4911593415929427E-04
    0.4619161310729839E-04
    0.4328806366452432E-04
    0.4028862022432939E-04
    0.3760266157008028E-04
    0.3620285975998967E-04
    0.3416605340354129E-04
    0.3209957513993566E-04
    0.2992389639311986E-04
    0.2790714849730376E-04
    0.2607661614522785E-04
    0.2456734904373220E-04
    0.2329652425344310E-04
    0.2211534822290273E-04
    0.2102982859431153E-04
    0.2004922965374484E-04
    0.1914997361795514E-04
    0.1833063469002615E-04
    0.1761300065271567E-04
    0.1698631921173661E-04
    0.1646482314091690E-04
    0.1578088748491114E-04
  
    0.2768907118167510E-04
    0.3326092228778469E-04
    0.3687135287401437E-04
    0.4006599822481743E-04
    0.4281660014260548E-04
    0.4606326962935011E-04
    0.5099377642263012E-04
    0.5902568217699647E-04
    0.7216582524066881E-04
    0.8940172763341842E-04
    0.1048732503153169E-03
    0.1131032059058972E-03
    0.1113037582438320E-03
    0.1049085121758926E-03
    0.1092752461429608E-03
    0.1743058568071598E-03
    0.1162341160259093E-03
    0.9850034899161071E-04
    0.8780197509458041E-04
    0.8054264415450891E-04
    0.7456677927901471E-04
    0.6872152636882802E-04
    0.6374961719178431E-04
    0.5984809005278286E-04
    0.5635161316583633E-04
    0.5310635853012621E-04
    0.5019165958736892E-04
    0.4752063012667466E-04
    0.4589588182836007E-04
    0.4355633107862562E-04
    0.4104311387502502E-04
    0.3828519586170233E-04
    0.3573076080360828E-04
    0.3439361787521479E-04
    0.3258186911614347E-04
    0.3065669851357989E-04
    0.2855310219093869E-04
    0.2655551367832113E-04
    0.2472556568852794E-04
    0.2320797105416294E-04
    0.2195981037204951E-04
    0.2084061272942183E-04
    0.1983702177411312E-04
    0.1895015343298979E-04
    0.1814610165803669E-04
    0.1740094110858425E-04
    0.1673267568494940E-04
    0.1615073383701300E-04
    0.1568002329947408E-04
    0.1507529992015345E-04
  
    0.2998474662487903E-04
    0.3500517083807798E-04
    0.3778713799896722E-04
    0.4032201284905018E-04
    0.4302574990004567E-04
    0.4681079808992832E-04
    0.5291692886470316E-04
    0.6244381970906943E-04
    0.7468379938578851E-04
    0.8547191602650059E-04
    0.9067765253526851E-04
    0.8890722323075984E-04
    0.8300692890948076E-04
    0.8058461952260874E-04
    0.8778999009286855E-04
    0.1337273644843255E-03
    0.9453190306379531E-04
    0.8054860376532702E-04
    0.7165656919557343E-04
    0.6581414935946580E-04
    0.6161085535955325E-04
    0.5771487391923346E-04
    0.5389356878518894E-04
    0.5086470600499116E-04
    0.4851819546969485E-04
    0.4658376927689940E-04
    0.4462948623945641E-04
    0.4272078650180795E-04
    0.4184585216791356E-04
    0.4032513478139846E-04
    0.3852495418902282E-04
    0.3630542003207106E-04
    0.3408871225933975E-04
    0.3283331295546997E-04
    0.3119655498478482E-04
    0.2942946652395671E-04
    0.2745983975718971E-04
    0.2555002489750421E-04
    0.2377440803843399E-04
    0.2223798448309167E-04
    0.2094544814342449E-04
    0.1979085373550391E-04
    0.1876585725510143E-04
    0.1788137264281620E-04
    0.1710925622720771E-04
    0.1641756219234930E-04
    0.1580418112728455E-04
    0.1526945424178820E-04
    0.1484044377997323E-04
    0.1428168254045777E-04
  
    0.3159475290427487E-04
    0.3566146996217226E-04
    0.3769820524722225E-04
    0.3997302200283069E-04
    0.4297350382738838E-04
    0.4764171865038649E-04
    0.5478215458098453E-04
    0.6379639705922526E-04
    0.7163935591750065E-04
    0.7520981434248935E-04
    0.7359425502275971E-04
    0.6845565263304177E-04
    0.6497627204892986E-04
    0.6626352799014541E-04
    0.7306772015150670E-04
    0.1063057975456583E-03
    0.7904954020749390E-04
    0.6815246537457844E-04
    0.6033778394763817E-04
    0.5536989912573916E-04
    0.5190299485572241E-04
    0.4920632965546977E-04
    0.4657389429728238E-04
    0.4411596957000498E-04
    0.4205371552566664E-04
    0.4059918763659201E-04
    0.3929040013777845E-04
    0.3806183754352742E-04
    0.3765483179887692E-04
    0.3661232471700764E-04
    0.3531161215094251E-04
    0.3363097166674633E-04
    0.3194258249328630E-04
    0.3104855139656305E-04
    0.2977767323227791E-04
    0.2826998078522352E-04
    0.2649678010191221E-04
    0.2472181532077789E-04
    0.2304676404064359E-04
    0.2155897376997601E-04
    0.2028276502257994E-04
    0.1912465764941222E-04
    0.1806943130501791E-04
    0.1714233151520188E-04
    0.1633023513683219E-04
    0.1561175767611683E-04
    0.1498461001595046E-04
    0.1444949957388476E-04
    0.1403602730395066E-04
    0.1351136811952452E-04
  
    0.3229573363013583E-04
    0.3532704593294465E-04
    0.3718596636245568E-04
    0.3960159876818743E-04
    0.4320829910193572E-04
    0.4866446569952517E-04
    0.5540334771701586E-04
    0.6138022610108614E-04
    0.6396465452567984E-04
    0.6259814671236253E-04
    0.5824069267520809E-04
    0.5441010795337655E-04
    0.5411691881776336E-04
    0.5656186827078890E-04
    0.6222828156965355E-04
    0.8685502757086211E-04
    0.6742234394600168E-04
    0.5904605722735735E-04
    0.5218302175639482E-04
    0.4762817249905267E-04
    0.4475390545242388E-04
    0.4247717771820444E-04
    0.4062958877382220E-04
    0.3886810556554897E-04
    0.3728226391761754E-04
    0.3585859502780431E-04
    0.3475809539309761E-04
    0.3381204139616617E-04
    0.3366856296836521E-04
    0.3302642033243368E-04
    0.3212534825982490E-04
    0.3072453235510921E-04
    0.2928480701295808E-04
    0.2868038650898250E-04
    0.2782704441994776E-04
    0.2673259696616941E-04
    0.2529150551216487E-04
    0.2378351427028445E-04
    0.2232045385249774E-04
    0.2096265297421356E-04
    0.1975578789293636E-04
    0.1863595191817213E-04
    0.1759429398591441E-04
    0.1666819640462270E-04
    0.1585338932837641E-04
    0.1511796742814504E-04
    0.1445825805688872E-04
    0.1387953225793133E-04
    0.1342769440666627E-04
    0.1287807342805024E-04
  
    0.3212284472515257E-04
    0.3470526410867234E-04
    0.3659767195254241E-04
    0.3942690931559282E-04
    0.4366080921559160E-04
    0.4880619044112033E-04
    0.5345693240845998E-04
    0.5547705057971528E-04
    0.5434478375773744E-04
    0.5063039493871043E-04
    0.4688245534188714E-04
    0.4572377271390175E-04
    0.4687899748138417E-04
    0.4934095601533927E-04
    0.5384554107568528E-04
    0.7254833397101364E-04
    0.5841762164529175E-04
    0.5196409975781165E-04
    0.4607831798328468E-04
    0.4180105723741550E-04
    0.3918311945940301E-04
    0.3734860570422158E-04
    0.3581851643312938E-04
    0.3445280021609550E-04
    0.3324695602724207E-04
    0.3224555479418918E-04
    0.3126954304711876E-04
    0.3038689626688161E-04
    0.3028276320300472E-04
    0.2981722150042841E-04
    0.2910867143056955E-04
    0.2793506959993406E-04
    0.2672739260705392E-04
    0.2622278655725737E-04
    0.2556007651585621E-04
    0.2473580377904484E-04
    0.2362003587791237E-04
    0.2242780152513408E-04
    0.2127138253784485E-04
    0.2018140852292984E-04
    0.1916402342457667E-04
    0.1817266659799630E-04
    0.1720110471657361E-04
    0.1630366597257748E-04
    0.1549555269553030E-04
    0.1476376305779752E-04
    0.1410251528900749E-04
    0.1351690164819612E-04
    0.1304354821967660E-04
    0.1244907149282535E-04
  
    0.3165622480553506E-04
    0.3396573036056296E-04
    0.3617733621789732E-04
    0.3952332062001289E-04
    0.4353095827615286E-04
    0.4723376070932557E-04
    0.4887523541357797E-04
    0.4792831365118615E-04
    0.4477076367687552E-04
    0.4124854316286725E-04
    0.3948569518413091E-04
    0.3996788539967643E-04
    0.4147612297944457E-04
    0.4363082417608388E-04
    0.4709942785036469E-04
    0.6166122266370299E-04
    0.5122614680204837E-04
    0.4620591594861055E-04
    0.4123770989631491E-04
    0.3730850910245854E-04
    0.3479864299311959E-04
    0.3318919825335072E-04
    0.3198580021980664E-04
    0.3085693358438537E-04
    0.2984259748037682E-04
    0.2900349468178003E-04
    0.2831079466370982E-04
    0.2767044574535346E-04
    0.2757508230036850E-04
    0.2722389410358893E-04
    0.2660001305616417E-04
    0.2549588485323864E-04
    0.2432636589573137E-04
    0.2387687636889143E-04
    0.2336359641510712E-04
    0.2271137069527147E-04
    0.2176281418814617E-04
    0.2075818465445872E-04
    0.1984279194961287E-04
    0.1900670358648904E-04
    0.1824515223154135E-04
    0.1748529214721424E-04
    0.1668898210392669E-04
    0.1591036126136801E-04
    0.1517618499140697E-04
    0.1448278722007927E-04
    0.1382861388769887E-04
    0.1323126522781028E-04
    0.1273938787781602E-04
    0.1212729241539516E-04
  
    0.3102187199691225E-04
    0.3345254371601877E-04
    0.3610921493733263E-04
    0.3928435469069082E-04
    0.4226470474791762E-04
    0.4370291657152324E-04
    0.4298919533302540E-04
    0.4030868125955260E-04
    0.3708732865774150E-04
    0.3502623952161500E-04
    0.3491035705099320E-04
    0.3588693996522798E-04
    0.3743582830822366E-04
    0.3922249815644347E-04
    0.4189590837682206E-04
    0.5365141938735224E-04
    0.4573168162040943E-04
    0.4171136405302441E-04
    0.3749771946483865E-04
    0.3394133906834792E-04
    0.3152979418880444E-04
    0.2992687111982119E-04
    0.2891171598049921E-04
    0.2801724358304376E-04
    0.2718085657099289E-04
    0.2642852047646715E-04
    0.2576972204193199E-04
    0.2526761382845361E-04
    0.2535118452962038E-04
    0.2516091810574548E-04
    0.2468209479888229E-04
    0.2366393048803380E-04
    0.2249946233045405E-04
    0.2198251617391300E-04
    0.2148378238599139E-04
    0.2089969769076178E-04
    0.2006757963110889E-04
    0.1917851395172106E-04
    0.1838569490505349E-04
    0.1770189674316709E-04
    0.1710103438013447E-04
    0.1651656241715678E-04
    0.1590582603455887E-04
    0.1530194709813298E-04
    0.1472221089200482E-04
    0.1415306406963070E-04
    0.1358218482368237E-04
    0.1302434146763815E-04
    0.1253748869095375E-04
    0.1190095326822521E-04
  
    0.3013779632757391E-04
    0.3277644418266794E-04
    0.3503474939647095E-04
    0.3706930033251076E-04
    0.3776147711304378E-04
    0.3677604399245454E-04
    0.3444373196182396E-04
    0.3177680099879369E-04
    0.3000613727043678E-04
    0.2961337607415009E-04
    0.3023161354968461E-04
    0.3131232317081457E-04
    0.3258633084072678E-04
    0.3383943927209847E-04
    0.3569538237337526E-04
    0.4458514062460017E-04
    0.3918529282690800E-04
    0.3619843012506135E-04
    0.3296635057470854E-04
    0.2999696531390316E-04
    0.2783305021954669E-04
    0.2628927909582107E-04
    0.2525397052929322E-04
    0.2455661207973681E-04
    0.2395930964604575E-04
    0.2342530529305544E-04
    0.2286738168107896E-04
    0.2236379932224116E-04
    0.2245279816860817E-04
    0.2251776843739327E-04
    0.2232102509040411E-04
    0.2156612659190618E-04
    0.2061778389828385E-04
    0.2014067579267526E-04
    0.1966092751286570E-04
    0.1906995524121972E-04
    0.1822687025766659E-04
    0.1734038267155987E-04
    0.1657657736393796E-04
    0.1594983379276304E-04
    0.1545076140245390E-04
    0.1500166424273284E-04
    0.1453258895787204E-04
    0.1406771542202499E-04
    0.1363450915872697E-04
    0.1323028612852884E-04
    0.1283178747589351E-04
    0.1242777119791352E-04
    0.1205997797183738E-04
    0.1153223952251156E-04
  
  
